"id"	"point_nr"	"x"	"y"
"id1"	1	1.0035	0.46187
"id1"	2	0.93228	0.39066
"id1"	3	0.86911	0.32616
"id1"	4	0.77503	0.22404
"id1"	5	0.74949	0.17567
"id1"	6	0.71589	0.12865
"id1"	7	0.69035	0.12999
"id1"	8	0.6675	0.14611
"id1"	9	0.67019	0.2133
"id1"	10	0.69573	0.2657
"id1"	11	0.74277	0.35572
"id1"	12	0.72798	0.42156
"id1"	13	0.64465	0.44843
"id1"	14	0.48336	0.41081
"id1"	15	0.36508	0.37722
"id1"	16	0.33148	0.37184
"id1"	17	0.29116	0.37184
"id1"	18	0.27099	0.38931
"id1"	19	0.27099	0.41887
"id1"	20	0.30863	0.44171
"id1"	21	0.34492	0.45112
"id1"	22	0.46185	0.49277
"id1"	23	0.55997	0.55324
"id1"	24	0.44707	0.57876
"id1"	25	0.31401	0.60564
"id1"	26	0.26965	0.61504
"id1"	27	0.23202	0.62445
"id1"	28	0.21723	0.66207
"id1"	29	0.23336	0.68894
"id1"	30	0.28309	0.6876
"id1"	31	0.32745	0.67551
"id1"	32	0.45917	0.6661
"id1"	33	0.56804	0.66341
"id1"	34	0.50352	0.72791
"id1"	35	0.39331	0.79778
"id1"	36	0.3597	0.81256
"id1"	37	0.32745	0.8354
"id1"	38	0.32745	0.87168
"id1"	39	0.3503	0.8878
"id1"	40	0.39062	0.87571
"id1"	41	0.41884	0.85958
"id1"	42	0.54788	0.79912
"id1"	43	0.63927	0.76419
"id1"	44	0.60164	0.82599
"id1"	45	0.55325	0.87436
"id1"	46	0.51427	0.90527
"id1"	47	0.49142	0.93751
"id1"	48	0.4968	0.9617
"id1"	49	0.51696	0.96842
"id1"	50	0.5546	0.95229
"id1"	51	0.59895	0.92542
"id1"	52	0.65272	0.87302
"id1"	53	0.74008	0.81659
"id1"	54	0.81938	0.79912
"id1"	55	0.91212	0.783
"id1"	56	0.99142	0.75612
"id10"	1	1.0032237	0.44175985
"id10"	2	0.94273685	0.37652999
"id10"	3	0.8893247	0.32084624
"id10"	4	0.79797903	0.2257853
"id10"	5	0.75151444	0.17274705
"id10"	6	0.7217875	0.12908102
"id10"	7	0.68875321	0.13516675
"id10"	8	0.67274993	0.16855456
"id10"	9	0.68456019	0.21390045
"id10"	10	0.7214785	0.27400311
"id10"	11	0.76580136	0.3643443
"id10"	12	0.73620694	0.41039135
"id10"	13	0.65651052	0.43244923
"id10"	14	0.48226732	0.41607836
"id10"	15	0.37035166	0.41107081
"id10"	16	0.3246917	0.40494127
"id10"	17	0.28199408	0.41118037
"id10"	18	0.26301837	0.43220999
"id10"	19	0.26903384	0.4610956
"id10"	20	0.31078893	0.48108652
"id10"	21	0.36745157	0.48426658
"id10"	22	0.46998442	0.50599142
"id10"	23	0.56999888	0.54156442
"id10"	24	0.45625556	0.59179963
"id10"	25	0.32599491	0.64506744
"id10"	26	0.28210836	0.6623793
"id10"	27	0.23843188	0.69209614
"id10"	28	0.23894593	0.72245136
"id10"	29	0.25449742	0.74427273
"id10"	30	0.30816415	0.73370828
"id10"	31	0.35334363	0.71085847
"id10"	32	0.47978253	0.67696668
"id10"	33	0.58026181	0.65870672
"id10"	34	0.50229185	0.70143338
"id10"	35	0.38871199	0.76132146
"id10"	36	0.34889359	0.77441456
"id10"	37	0.30517051	0.80137931
"id10"	38	0.3111159	0.8261265
"id10"	39	0.32531465	0.84934722
"id10"	40	0.37069411	0.83891284
"id10"	41	0.41325156	0.82439691
"id10"	42	0.53398922	0.77956957
"id10"	43	0.63841981	0.75019007
"id10"	44	0.58271518	0.80358204
"id10"	45	0.52547085	0.84733416
"id10"	46	0.48983766	0.86311954
"id10"	47	0.45724732	0.89542208
"id10"	48	0.46043018	0.92020579
"id10"	49	0.47720452	0.9323508
"id10"	50	0.51297788	0.92484224
"id10"	51	0.55953341	0.90196914
"id10"	52	0.63605725	0.85512737
"id10"	53	0.73328343	0.80793503
"id10"	54	0.83398599	0.80346654
"id10"	55	0.93165613	0.782491
"id10"	56	1.0276932	0.74636115
"id11"	1	0.98671342	0.45979438
"id11"	2	0.90653266	0.39145089
"id11"	3	0.85230878	0.33050721
"id11"	4	0.78082222	0.23769786
"id11"	5	0.7481908	0.18664519
"id11"	6	0.72201362	0.1430049
"id11"	7	0.69279299	0.14233146
"id11"	8	0.67400004	0.17165193
"id11"	9	0.6829603	0.22243326
"id11"	10	0.70916036	0.28557691
"id11"	11	0.73496863	0.35427075
"id11"	12	0.71165225	0.42784287
"id11"	13	0.64066311	0.44651161
"id11"	14	0.48067853	0.40318175
"id11"	15	0.38499218	0.3769254
"id11"	16	0.32723547	0.36588115
"id11"	17	0.29773095	0.36937624
"id11"	18	0.28129915	0.38492912
"id11"	19	0.28627494	0.41313852
"id11"	20	0.31422333	0.43183462
"id11"	21	0.37029457	0.44692772
"id11"	22	0.45569587	0.48082482
"id11"	23	0.55687028	0.54786135
"id11"	24	0.44072919	0.5940002
"id11"	25	0.32745998	0.61943003
"id11"	26	0.27646285	0.63115362
"id11"	27	0.2414207	0.65375955
"id11"	28	0.23926801	0.68425467
"id11"	29	0.24929205	0.70028581
"id11"	30	0.29801604	0.70093637
"id11"	31	0.34762047	0.68911447
"id11"	32	0.46198963	0.66793013
"id11"	33	0.57013363	0.6560624
"id11"	34	0.49056042	0.71731724
"id11"	35	0.39473875	0.77184723
"id11"	36	0.3543423	0.79128626
"id11"	37	0.31762501	0.81794177
"id11"	38	0.32408078	0.84486637
"id11"	39	0.3451949	0.86168038
"id11"	40	0.38193507	0.85452822
"id11"	41	0.42984075	0.82726286
"id11"	42	0.52636026	0.78252782
"id11"	43	0.61785144	0.74998281
"id11"	44	0.60068478	0.83513438
"id11"	45	0.55497907	0.89042355
"id11"	46	0.52183157	0.92569784
"id11"	47	0.50977604	0.95827246
"id11"	48	0.51980008	0.97430361
"id11"	49	0.54040194	0.97854684
"id11"	50	0.56534461	0.96080583
"id11"	51	0.6039344	0.927305
"id11"	52	0.65280555	0.86668216
"id11"	53	0.72603313	0.79662297
"id11"	54	0.79219056	0.78735884
"id11"	55	0.8673372	0.76898358
"id11"	56	0.9378244	0.7377448
"id12"	1	1.02410473	0.43877685
"id12"	2	0.94773949	0.36941575
"id12"	3	0.88931205	0.31852099
"id12"	4	0.76768928	0.23183195
"id12"	5	0.7152009	0.19012073
"id12"	6	0.67628942	0.15316656
"id12"	7	0.65046019	0.15581647
"id12"	8	0.63638755	0.18442782
"id12"	9	0.65523242	0.24536895
"id12"	10	0.69998353	0.2975776
"id12"	11	0.76276059	0.36218147
"id12"	12	0.75130523	0.41964649
"id12"	13	0.6659697	0.44571075
"id12"	14	0.4829325	0.409689
"id12"	15	0.3755078	0.38992344
"id12"	16	0.32554856	0.383137
"id12"	17	0.2814732	0.3885582
"id12"	18	0.26748853	0.41110972
"id12"	19	0.27465351	0.44002941
"id12"	20	0.31079354	0.45874872
"id12"	21	0.36831391	0.46716869
"id12"	22	0.46039615	0.49883371
"id12"	23	0.57934673	0.56122823
"id12"	24	0.45452761	0.58974415
"id12"	25	0.32222449	0.61209032
"id12"	26	0.2705218	0.62043698
"id12"	27	0.23532163	0.64115673
"id12"	28	0.2333252	0.67449207
"id12"	29	0.24363583	0.69587258
"id12"	30	0.28762322	0.69651121
"id12"	31	0.33629035	0.68812048
"id12"	32	0.47147485	0.6764372
"id12"	33	0.5944845	0.66760207
"id12"	34	0.50578328	0.71636074
"id12"	35	0.40208085	0.75429184
"id12"	36	0.3517802	0.77024371
"id12"	37	0.30586257	0.79838143
"id12"	38	0.30695643	0.82721298
"id12"	39	0.32790783	0.84723552
"id12"	40	0.37347338	0.84334841
"id12"	41	0.42227256	0.82586229
"id12"	42	0.5380512	0.79265517
"id12"	43	0.65376365	0.76400702
"id12"	44	0.59969032	0.83146305
"id12"	45	0.54150953	0.86853132
"id12"	46	0.49411222	0.89363393
"id12"	47	0.46637454	0.92355934
"id12"	48	0.4751398	0.94642987
"id12"	49	0.49320965	0.95580081
"id12"	50	0.52216274	0.94711258
"id12"	51	0.57404156	0.92663497
"id12"	52	0.64439737	0.88670726
"id12"	53	0.7652632	0.81718477
"id12"	54	0.85494818	0.8048409
"id12"	55	0.94782289	0.7819223
"id12"	56	1.04101706	0.73777752
"id13"	1	1.0777796	0.42408011
"id13"	2	0.97600471	0.34916402
"id13"	3	0.8987523	0.29966544
"id13"	4	0.74797221	0.24373821
"id13"	5	0.67840496	0.2154936
"id13"	6	0.6273181	0.19134563
"id13"	7	0.59784512	0.2010861
"id13"	8	0.59240252	0.22630333
"id13"	9	0.62318314	0.27803212
"id13"	10	0.71096239	0.33867065
"id13"	11	0.79185685	0.3946406
"id13"	12	0.75347069	0.42642365
"id13"	13	0.68945508	0.44447818
"id13"	14	0.48810835	0.4092986
"id13"	15	0.37079084	0.39167647
"id13"	16	0.31411283	0.38941076
"id13"	17	0.26637492	0.40003265
"id13"	18	0.24916348	0.42248805
"id13"	19	0.25534117	0.44713214
"id13"	20	0.30808286	0.47120026
"id13"	21	0.3600917	0.48033842
"id13"	22	0.46121195	0.50706037
"id13"	23	0.60186567	0.56014652
"id13"	24	0.46654975	0.58330048
"id13"	25	0.32744443	0.59667279
"id13"	26	0.26959251	0.60445299
"id13"	27	0.21901292	0.62518889
"id13"	28	0.21389035	0.65703781
"id13"	29	0.22679253	0.68302846
"id13"	30	0.28189497	0.68701651
"id13"	31	0.33833223	0.68429302
"id13"	32	0.47278132	0.6778049
"id13"	33	0.61933164	0.68070971
"id13"	34	0.51446292	0.7140547
"id13"	35	0.4077661	0.74414578
"id13"	36	0.34335001	0.75390143
"id13"	37	0.29775962	0.77439657
"id13"	38	0.29437234	0.80783281
"id13"	39	0.31391796	0.83349049
"id13"	40	0.36221665	0.83448949
"id13"	41	0.42307056	0.8199173
"id13"	42	0.54185565	0.79920738
"id13"	43	0.68579046	0.78228463
"id13"	44	0.61767881	0.8188319
"id13"	45	0.54425793	0.84898825
"id13"	46	0.48664618	0.8617453
"id13"	47	0.45441197	0.88326697
"id13"	48	0.45229079	0.90831154
"id13"	49	0.46296559	0.92277411
"id13"	50	0.50968931	0.9255078
"id13"	51	0.56248392	0.91630059
"id13"	52	0.65597252	0.88850558
"id13"	53	0.79862604	0.84503139
"id13"	54	0.89765228	0.82861711
"id13"	55	1.01580907	0.79463088
"id13"	56	1.10671921	0.74700654
"id14"	1	1.13576253	0.41549285
"id14"	2	1.00283872	0.33656901
"id14"	3	0.90661218	0.29863631
"id14"	4	0.73861237	0.26472275
"id14"	5	0.6477105	0.24919864
"id14"	6	0.59536508	0.23233266
"id14"	7	0.56707682	0.25217921
"id14"	8	0.5665369	0.28913461
"id14"	9	0.6196617	0.33757839
"id14"	10	0.7121247	0.37230898
"id14"	11	0.79312758	0.39565495
"id14"	12	0.74618233	0.42404231
"id14"	13	0.67876318	0.43826611
"id14"	14	0.48876391	0.41491551
"id14"	15	0.36802669	0.40004341
"id14"	16	0.29088883	0.40274222
"id14"	17	0.2481962	0.41849158
"id14"	18	0.23619617	0.44406235
"id14"	19	0.24312189	0.46458916
"id14"	20	0.29603084	0.48844678
"id14"	21	0.3615023	0.49371227
"id14"	22	0.47248194	0.51816063
"id14"	23	0.61147765	0.56320172
"id14"	24	0.47509017	0.57242879
"id14"	25	0.32634644	0.58089905
"id14"	26	0.26346064	0.58596767
"id14"	27	0.21770731	0.60723499
"id14"	28	0.20627081	0.6397974
"id14"	29	0.21404078	0.67079869
"id14"	30	0.26902478	0.67690947
"id14"	31	0.33394675	0.67519527
"id14"	32	0.47277849	0.6745479
"id14"	33	0.63327604	0.68094404
"id14"	34	0.53134679	0.70322063
"id14"	35	0.40481942	0.7257271
"id14"	36	0.34179222	0.72904131
"id14"	37	0.29589853	0.74856721
"id14"	38	0.28446098	0.78111663
"id14"	39	0.30110541	0.81316843
"id14"	40	0.3561024	0.81927817
"id14"	41	0.41842572	0.80723091
"id14"	42	0.54753875	0.79505854
"id14"	43	0.69789652	0.78470546
"id14"	44	0.62420156	0.8082118
"id14"	45	0.55209571	0.82985041
"id14"	46	0.48732709	0.83330498
"id14"	47	0.45044718	0.85560982
"id14"	48	0.44529843	0.87887565
"id14"	49	0.45424733	0.90275793
"id14"	50	0.49891126	0.91146632
"id14"	51	0.56367884	0.90799876
"id14"	52	0.6587568	0.88802712
"id14"	53	0.81805391	0.85762121
"id14"	54	0.93597663	0.83757408
"id14"	55	1.04580769	0.8041181
"id14"	56	1.1727476	0.74291376
"id15"	1	1.15133931	0.42101297
"id15"	2	1.04089684	0.34700883
"id15"	3	0.9100456	0.29222586
"id15"	4	0.74282927	0.25940702
"id15"	5	0.65115521	0.25784736
"id15"	6	0.59303491	0.2470673
"id15"	7	0.57033198	0.25742511
"id15"	8	0.56905744	0.29520342
"id15"	9	0.61495704	0.34085344
"id15"	10	0.71922356	0.37213946
"id15"	11	0.80283214	0.38855554
"id15"	12	0.77004803	0.4103132
"id15"	13	0.7083199	0.42846385
"id15"	14	0.47207796	0.44116271
"id15"	15	0.3469754	0.45064599
"id15"	16	0.28301097	0.4617466
"id15"	17	0.23602978	0.48617929
"id15"	18	0.2287323	0.51354635
"id15"	19	0.23686712	0.52919842
"id15"	20	0.2865935	0.5494846
"id15"	21	0.35279341	0.54542073
"id15"	22	0.46424793	0.54755626
"id15"	23	0.63605905	0.5675219
"id15"	24	0.47596291	0.56298855
"id15"	25	0.33084599	0.5683033
"id15"	26	0.26107922	0.57258613
"id15"	27	0.21523624	0.58618132
"id15"	28	0.19976381	0.62662136
"id15"	29	0.21213732	0.65278086
"id15"	30	0.26836553	0.66190028
"id15"	31	0.33286487	0.65973096
"id15"	32	0.47674658	0.66345616
"id15"	33	0.64442931	0.6747111
"id15"	34	0.53216583	0.68877668
"id15"	35	0.39866772	0.70773947
"id15"	36	0.3359385	0.70980013
"id15"	37	0.28651454	0.72360179
"id15"	38	0.2745128	0.76203862
"id15"	39	0.29079574	0.79334194
"id15"	40	0.34680417	0.79888119
"id15"	41	0.4094106	0.79503792
"id15"	42	0.54536397	0.78669204
"id15"	43	0.69216816	0.77948356
"id15"	44	0.63009664	0.79225811
"id15"	45	0.54835496	0.80625354
"id15"	46	0.48216836	0.81031659
"id15"	47	0.44526835	0.82334943
"id15"	48	0.43617495	0.85084009
"id15"	49	0.44654606	0.87354221
"id15"	50	0.49024951	0.88341713
"id15"	51	0.55487245	0.88304374
"id15"	52	0.64967381	0.87722409
"id15"	53	0.83003011	0.86076859
"id15"	54	0.95638119	0.84224455
"id15"	55	1.05994669	0.80357063
"id15"	56	1.17894447	0.75318173
"id16"	1	1.17836261	0.4136139
"id16"	2	1.044112	0.32811752
"id16"	3	0.9295996	0.28479793
"id16"	4	0.75095514	0.27479304
"id16"	5	0.65813284	0.2773156
"id16"	6	0.59667092	0.27154911
"id16"	7	0.56926463	0.28901979
"id16"	8	0.57393826	0.32416919
"id16"	9	0.63460857	0.36896583
"id16"	10	0.7206185	0.38891115
"id16"	11	0.82061985	0.3769044
"id16"	12	0.75614875	0.39723466
"id16"	13	0.70842768	0.41896199
"id16"	14	0.47334855	0.45135171
"id16"	15	0.34600463	0.48266587
"id16"	16	0.27586598	0.49943175
"id16"	17	0.23767939	0.53018906
"id16"	18	0.22900228	0.55270762
"id16"	19	0.24084152	0.57838702
"id16"	20	0.29106931	0.58074042
"id16"	21	0.36337525	0.57505701
"id16"	22	0.47447327	0.56089641
"id16"	23	0.66028297	0.56141749
"id16"	24	0.47282431	0.56837802
"id16"	25	0.31913177	0.58741458
"id16"	26	0.24867637	0.59303387
"id16"	27	0.19543939	0.61677722
"id16"	28	0.19073019	0.64847703
"id16"	29	0.21005104	0.6758054
"id16"	30	0.26043011	0.68372537
"id16"	31	0.33258477	0.67247539
"id16"	32	0.47183204	0.66869118
"id16"	33	0.67067649	0.67072413
"id16"	34	0.53144303	0.67450797
"id16"	35	0.39972805	0.68180589
"id16"	36	0.33108709	0.68552358
"id16"	37	0.27924682	0.69250309
"id16"	38	0.26169101	0.73012271
"id16"	39	0.2812645	0.76674712
"id16"	40	0.34268955	0.77064851
"id16"	41	0.4039495	0.76898369
"id16"	42	0.54504769	0.76514917
"id16"	43	0.69372847	0.76667927
"id16"	44	0.61952093	0.77054824
"id16"	45	0.54906591	0.77618135
"id16"	46	0.48027366	0.77433246
"id16"	47	0.43581441	0.7792591
"id16"	48	0.42538735	0.80554361
"id16"	49	0.43361191	0.83503964
"id16"	50	0.47295843	0.84696401
"id16"	51	0.54746853	0.8542282
"id16"	52	0.65330253	0.85135202
"id16"	53	0.82791496	0.85032511
"id16"	54	0.93925105	0.84543331
"id16"	55	1.07041159	0.81773382
"id16"	56	1.19530405	0.76233742
"id17"	1	1.02654646	0.45533564
"id17"	2	0.92897954	0.37385126
"id17"	3	0.87769423	0.32808629
"id17"	4	0.77030853	0.22945283
"id17"	5	0.7266367	0.18768012
"id17"	6	0.68884048	0.14557452
"id17"	7	0.6597631	0.15312735
"id17"	8	0.64852237	0.18915297
"id17"	9	0.66597642	0.23683465
"id17"	10	0.70607194	0.29356262
"id17"	11	0.75624639	0.37183755
"id17"	12	0.74558897	0.41815917
"id17"	13	0.66595877	0.44479958
"id17"	14	0.46820177	0.41765105
"id17"	15	0.36832942	0.39970949
"id17"	16	0.31521715	0.39977682
"id17"	17	0.27732026	0.40781834
"id17"	18	0.26255355	0.43372566
"id17"	19	0.2725494	0.45380645
"id17"	20	0.31202887	0.4736987
"id17"	21	0.36253138	0.47968467
"id17"	22	0.45538389	0.50391841
"id17"	23	0.57489316	0.55614719
"id17"	24	0.45521163	0.57915127
"id17"	25	0.3250783	0.59979477
"id17"	26	0.26953333	0.60884712
"id17"	27	0.23384112	0.63003453
"id17"	28	0.22790424	0.65544159
"id17"	29	0.23953301	0.67838259
"id17"	30	0.28700917	0.68306915
"id17"	31	0.3410886	0.6741108
"id17"	32	0.47017171	0.66089214
"id17"	33	0.58840949	0.66452242
"id17"	34	0.49637252	0.7066074
"id17"	35	0.39949861	0.74159011
"id17"	36	0.34697997	0.75194187
"id17"	37	0.29952623	0.77380661
"id17"	38	0.3014417	0.80761599
"id17"	39	0.32025644	0.82719715
"id17"	40	0.36714928	0.82158771
"id17"	41	0.41934597	0.80535971
"id17"	42	0.53280806	0.77681352
"id17"	43	0.63933338	0.75602568
"id17"	44	0.59718769	0.84542549
"id17"	45	0.55530941	0.88762145
"id17"	46	0.50861605	0.9227139
"id17"	47	0.49175015	0.96349278
"id17"	48	0.49985232	0.97630454
"id17"	49	0.51489126	0.98135796
"id17"	50	0.54526867	0.97078973
"id17"	51	0.59508237	0.93846225
"id17"	52	0.6544323	0.89233468
"id17"	53	0.76178531	0.80807677
"id17"	54	0.84372639	0.79606905
"id17"	55	0.93390241	0.77325475
"id17"	56	1.02750016	0.73256319
"id18"	1	1.09603162	0.43041799
"id18"	2	0.96367549	0.34316676
"id18"	3	0.89174952	0.30022803
"id18"	4	0.73729045	0.25066706
"id18"	5	0.65805849	0.24364321
"id18"	6	0.60267475	0.22704284
"id18"	7	0.57818627	0.2450226
"id18"	8	0.57440635	0.26882075
"id18"	9	0.62084428	0.3215231
"id18"	10	0.70676398	0.3560842
"id18"	11	0.78426671	0.3899943
"id18"	12	0.74229479	0.41510126
"id18"	13	0.68741961	0.43011507
"id18"	14	0.48277396	0.40667285
"id18"	15	0.3715277	0.39686865
"id18"	16	0.30931378	0.39276217
"id18"	17	0.26554353	0.40308738
"id18"	18	0.25210992	0.42973499
"id18"	19	0.25655839	0.45253208
"id18"	20	0.30267485	0.47526007
"id18"	21	0.36507586	0.48100638
"id18"	22	0.46170037	0.50758997
"id18"	23	0.6005667	0.55238517
"id18"	24	0.47323521	0.561201
"id18"	25	0.32597095	0.57077923
"id18"	26	0.26333129	0.57673731
"id18"	27	0.22096074	0.59856759
"id18"	28	0.21225357	0.62296518
"id18"	29	0.22241582	0.65172991
"id18"	30	0.27805192	0.65663663
"id18"	31	0.34005281	0.65909403
"id18"	32	0.47659854	0.65748257
"id18"	33	0.62173345	0.67150168
"id18"	34	0.51919967	0.69231358
"id18"	35	0.3979958	0.71039668
"id18"	36	0.33574255	0.71963293
"id18"	37	0.29133353	0.73837362
"id18"	38	0.28302649	0.76606012
"id18"	39	0.30385571	0.80020229
"id18"	40	0.35006306	0.79624335
"id18"	41	0.41435328	0.79008446
"id18"	42	0.53800797	0.77837837
"id18"	43	0.67375494	0.77020131
"id18"	44	0.61478105	0.84739088
"id18"	45	0.55901473	0.88251381
"id18"	46	0.50244965	0.91107115
"id18"	47	0.47482151	0.94444581
"id18"	48	0.47906917	0.96559234
"id18"	49	0.49566296	0.9785865
"id18"	50	0.52996512	0.97273834
"id18"	51	0.59390826	0.94995857
"id18"	52	0.6704347	0.90730981
"id18"	53	0.80864055	0.8371441
"id18"	54	0.91590226	0.81409441
"id18"	55	1.01107169	0.78751568
"id18"	56	1.11677372	0.73797987
"id19"	1	1.0223668	0.43949987
"id19"	2	0.93583436	0.36386072
"id19"	3	0.86867661	0.31909207
"id19"	4	0.74726743	0.23995645
"id19"	5	0.69394881	0.20851426
"id19"	6	0.64711515	0.16700214
"id19"	7	0.62454483	0.18214837
"id19"	8	0.61380393	0.21446031
"id19"	9	0.64045873	0.27358421
"id19"	10	0.69253799	0.32149694
"id19"	11	0.76091103	0.38034811
"id19"	12	0.74709037	0.42328507
"id19"	13	0.66022804	0.45383939
"id19"	14	0.47705268	0.4134491
"id19"	15	0.37598607	0.39383344
"id19"	16	0.32372775	0.38616598
"id19"	17	0.28284304	0.39421645
"id19"	18	0.26696267	0.4152966
"id19"	19	0.2718622	0.44108104
"id19"	20	0.30209439	0.46049297
"id19"	21	0.36351908	0.47169944
"id19"	22	0.45810758	0.50140681
"id19"	23	0.5817521	0.56214309
"id19"	24	0.46226955	0.57083083
"id19"	25	0.32877855	0.57587687
"id19"	26	0.27781645	0.57745669
"id19"	27	0.23584737	0.59228549
"id19"	28	0.22126723	0.62258772
"id19"	29	0.23863563	0.65730834
"id19"	30	0.28366726	0.66242934
"id19"	31	0.33470686	0.65600341
"id19"	32	0.4738109	0.66365529
"id19"	33	0.59781124	0.67444723
"id19"	34	0.50656547	0.70639359
"id19"	35	0.39552147	0.73169941
"id19"	36	0.34247558	0.74197547
"id19"	37	0.29803755	0.75918485
"id19"	38	0.29115766	0.79349965
"id19"	39	0.31253117	0.82053433
"id19"	40	0.36010583	0.81841776
"id19"	41	0.41470964	0.80282949
"id19"	42	0.53288852	0.78490878
"id19"	43	0.65684975	0.77000122
"id19"	44	0.61619939	0.85031554
"id19"	45	0.56295267	0.90084373
"id19"	46	0.51196307	0.93296573
"id19"	47	0.49136408	0.97481833
"id19"	48	0.50274857	0.99053283
"id19"	49	0.51621342	0.99754021
"id19"	50	0.54794265	0.9859473
"id19"	51	0.60332657	0.95242983
"id19"	52	0.66864951	0.90453647
"id19"	53	0.78635068	0.82889367
"id19"	54	0.87890353	0.80619116
"id19"	55	0.96769122	0.77662194
"id19"	56	1.04748931	0.73381464
"id2"	1	1.04419728	0.46494502
"id2"	2	0.95079593	0.37552069
"id2"	3	0.87822351	0.31158788
"id2"	4	0.74952068	0.23169636
"id2"	5	0.70908099	0.19196411
"id2"	6	0.65869361	0.16339344
"id2"	7	0.63473171	0.16879944
"id2"	8	0.61758648	0.19958233
"id2"	9	0.63675573	0.25740785
"id2"	10	0.68281288	0.29859264
"id2"	11	0.77066161	0.38516264
"id2"	12	0.73800366	0.41861176
"id2"	13	0.66327772	0.4376301
"id2"	14	0.49759708	0.40381236
"id2"	15	0.37968972	0.37604116
"id2"	16	0.33056445	0.36435212
"id2"	17	0.29255057	0.36823028
"id2"	18	0.27125499	0.38913855
"id2"	19	0.27523164	0.41729482
"id2"	20	0.31583447	0.43875579
"id2"	21	0.37195433	0.45472488
"id2"	22	0.4729069	0.49077986
"id2"	23	0.57369417	0.54651895
"id2"	24	0.45522392	0.58061468
"id2"	25	0.3213727	0.60613789
"id2"	26	0.27344879	0.61696037
"id2"	27	0.22683932	0.63763214
"id2"	28	0.22094359	0.66851547
"id2"	29	0.23336932	0.69394243
"id2"	30	0.28260551	0.69438207
"id2"	31	0.33896392	0.6836349
"id2"	32	0.46991017	0.66933615
"id2"	33	0.58248684	0.66471094
"id2"	34	0.51028707	0.71610065
"id2"	35	0.39301613	0.77411026
"id2"	36	0.35772932	0.78786079
"id2"	37	0.3139097	0.81137269
"id2"	38	0.31218105	0.84791319
"id2"	39	0.34012166	0.8692611
"id2"	40	0.38105097	0.85415857
"id2"	41	0.41915278	0.84043318
"id2"	42	0.55459249	0.79523857
"id2"	43	0.64631303	0.76230637
"id2"	44	0.60645744	0.81538726
"id2"	45	0.54837243	0.86127258
"id2"	46	0.50453814	0.88759956
"id2"	47	0.47185496	0.92387413
"id2"	48	0.48008651	0.9478508
"id2"	49	0.50391041	0.95790109
"id2"	50	0.53777188	0.94555067
"id2"	51	0.58583389	0.91926144
"id2"	52	0.65377866	0.87206179
"id2"	53	0.7527072	0.81950836
"id2"	54	0.84143484	0.80764785
"id2"	55	0.9470671	0.79312307
"id2"	56	1.04298817	0.76444596
"id20"	1	1.03754735	0.45078684
"id20"	2	0.94567955	0.36429097
"id20"	3	0.88787333	0.31557827
"id20"	4	0.76208086	0.23119815
"id20"	5	0.71123507	0.19219692
"id20"	6	0.66463114	0.15809582
"id20"	7	0.64258889	0.1656942
"id20"	8	0.63403217	0.19881426
"id20"	9	0.6523748	0.24156516
"id20"	10	0.6992823	0.29256194
"id20"	11	0.767731	0.36352846
"id20"	12	0.74822202	0.42039149
"id20"	13	0.66837953	0.44215911
"id20"	14	0.47814404	0.42055211
"id20"	15	0.36684791	0.41085821
"id20"	16	0.30709882	0.40955246
"id20"	17	0.26934814	0.42213077
"id20"	18	0.25861965	0.44281912
"id20"	19	0.26033338	0.46134789
"id20"	20	0.30184592	0.4812622
"id20"	21	0.36244537	0.49184327
"id20"	22	0.4559533	0.51402515
"id20"	23	0.58606147	0.56037374
"id20"	24	0.45629367	0.57234219
"id20"	25	0.32990435	0.57995732
"id20"	26	0.27417254	0.58661766
"id20"	27	0.22802044	0.60931196
"id20"	28	0.22306596	0.63502408
"id20"	29	0.23534154	0.65586773
"id20"	30	0.28690078	0.66424537
"id20"	31	0.34240883	0.66063964
"id20"	32	0.46692994	0.65748847
"id20"	33	0.60016739	0.66111781
"id20"	34	0.50467441	0.70780262
"id20"	35	0.39797914	0.73987583
"id20"	36	0.34192429	0.7511019
"id20"	37	0.30044855	0.77260896
"id20"	38	0.30126726	0.80335619
"id20"	39	0.32096214	0.82780292
"id20"	40	0.36730633	0.82352592
"id20"	41	0.41912098	0.80737702
"id20"	42	0.5345326	0.78208432
"id20"	43	0.6524285	0.76464542
"id20"	44	0.60976014	0.84435722
"id20"	45	0.55767956	0.88502047
"id20"	46	0.51259023	0.91393464
"id20"	47	0.48679126	0.95193368
"id20"	48	0.49580065	0.97559767
"id20"	49	0.51083863	0.97977025
"id20"	50	0.54062322	0.97120921
"id20"	51	0.59638585	0.9430883
"id20"	52	0.65948798	0.89862018
"id20"	53	0.774224	0.8195867
"id20"	54	0.85623743	0.81026215
"id20"	55	0.94852216	0.78633494
"id20"	56	1.02479323	0.75051471
"id21"	1	0.9800806	0.48574465
"id21"	2	0.90290481	0.41109009
"id21"	3	0.83220649	0.32756034
"id21"	4	0.78387213	0.2274401
"id21"	5	0.76223173	0.18092448
"id21"	6	0.75576805	0.13074919
"id21"	7	0.73002964	0.12555567
"id21"	8	0.70204021	0.14826218
"id21"	9	0.69154685	0.20762729
"id21"	10	0.7065785	0.25384816
"id21"	11	0.73191897	0.34965845
"id21"	12	0.71029054	0.41336585
"id21"	13	0.61988355	0.44836833
"id21"	14	0.47231842	0.42792215
"id21"	15	0.37308963	0.41442334
"id21"	16	0.33086784	0.41309189
"id21"	17	0.29449298	0.42397114
"id21"	18	0.27528051	0.44400935
"id21"	19	0.28713716	0.4697338
"id21"	20	0.33262266	0.48368588
"id21"	21	0.36526458	0.4825654
"id21"	22	0.46095034	0.50711204
"id21"	23	0.54413575	0.54408429
"id21"	24	0.44168003	0.56914545
"id21"	25	0.32157874	0.59037691
"id21"	26	0.28656916	0.59317286
"id21"	27	0.2490094	0.61342596
"id21"	28	0.23739703	0.64015868
"id21"	29	0.24974641	0.66055242
"id21"	30	0.30113305	0.66178268
"id21"	31	0.33771543	0.65217999
"id21"	32	0.44610168	0.64850687
"id21"	33	0.55765044	0.64828954
"id21"	34	0.48454007	0.71866303
"id21"	35	0.38556954	0.77467157
"id21"	36	0.35314103	0.79412981
"id21"	37	0.31845708	0.82443643
"id21"	38	0.32222896	0.84878606
"id21"	39	0.3408769	0.8590236
"id21"	40	0.38455122	0.84438643
"id21"	41	0.42318958	0.82264778
"id21"	42	0.5224703	0.77709019
"id21"	43	0.61672097	0.74149231
"id21"	44	0.59304245	0.83439687
"id21"	45	0.55946797	0.89733735
"id21"	46	0.53494976	0.93394106
"id21"	47	0.52138261	0.98197459
"id21"	48	0.53254118	0.99468099
"id21"	49	0.5572963	0.99346373
"id21"	50	0.58705798	0.96523807
"id21"	51	0.61098079	0.92479068
"id21"	52	0.65027239	0.8649005
"id21"	53	0.72111188	0.78831568
"id21"	54	0.77997098	0.77000784
"id21"	55	0.84091253	0.7566318
"id21"	56	0.91111421	0.73525822
"id22"	1	1.10609407	0.47169341
"id22"	2	0.94974709	0.37694958
"id22"	3	0.86735409	0.29443645
"id22"	4	0.74036761	0.21234417
"id22"	5	0.68704269	0.18414778
"id22"	6	0.65291247	0.14650424
"id22"	7	0.62030397	0.15778723
"id22"	8	0.60982981	0.18969646
"id22"	9	0.63165004	0.24583543
"id22"	10	0.68826695	0.29323742
"id22"	11	0.76484352	0.35872771
"id22"	12	0.74170691	0.41384227
"id22"	13	0.65509895	0.4433229
"id22"	14	0.48759249	0.42688502
"id22"	15	0.37408842	0.40457605
"id22"	16	0.32768904	0.4039258
"id22"	17	0.28528397	0.41920841
"id22"	18	0.27009708	0.44459652
"id22"	19	0.28536055	0.47465618
"id22"	20	0.32452852	0.48946328
"id22"	21	0.37455852	0.48612752
"id22"	22	0.47319003	0.51062761
"id22"	23	0.5917947	0.55322408
"id22"	24	0.47109475	0.56970611
"id22"	25	0.32610242	0.58767434
"id22"	26	0.28513967	0.59026706
"id22"	27	0.23768313	0.61606229
"id22"	28	0.22974691	0.64579683
"id22"	29	0.24464431	0.67440045
"id22"	30	0.29829425	0.67323927
"id22"	31	0.34323736	0.66193984
"id22"	32	0.47483244	0.66429994
"id22"	33	0.60462697	0.66556465
"id22"	34	0.51040791	0.70158012
"id22"	35	0.38500906	0.73002273
"id22"	36	0.34152198	0.74095609
"id22"	37	0.30093632	0.75731789
"id22"	38	0.29337707	0.79466363
"id22"	39	0.31224675	0.81457405
"id22"	40	0.35575563	0.81595102
"id22"	41	0.4108371	0.80210265
"id22"	42	0.52900171	0.78164821
"id22"	43	0.6707295	0.76912204
"id22"	44	0.6110039	0.83806843
"id22"	45	0.54762308	0.89252184
"id22"	46	0.51031568	0.91576542
"id22"	47	0.47738227	0.96256385
"id22"	48	0.48213042	0.98756126
"id22"	49	0.50207906	0.99333652
"id22"	50	0.54338055	0.97371006
"id22"	51	0.58829633	0.94392086
"id22"	52	0.66146305	0.89162841
"id22"	53	0.76724099	0.82806376
"id22"	54	0.85241742	0.81127032
"id22"	55	0.92960579	0.79340053
"id22"	56	1.01837472	0.75413401
"id23"	1	1.077182	0.43887172
"id23"	2	0.98243789	0.34274562
"id23"	3	0.88190296	0.27940903
"id23"	4	0.72935332	0.22787179
"id23"	5	0.65915765	0.21066746
"id23"	6	0.61383636	0.18615605
"id23"	7	0.57972472	0.20383132
"id23"	8	0.57827945	0.23398298
"id23"	9	0.61722288	0.28146758
"id23"	10	0.70258818	0.32173804
"id23"	11	0.78672961	0.36395054
"id23"	12	0.74681544	0.41441797
"id23"	13	0.67252866	0.42298459
"id23"	14	0.51000028	0.41512405
"id23"	15	0.37793006	0.39538559
"id23"	16	0.32728207	0.39858983
"id23"	17	0.27949614	0.41441081
"id23"	18	0.26086064	0.44182902
"id23"	19	0.2790416	0.47083271
"id23"	20	0.32659705	0.48323573
"id23"	21	0.37251963	0.48110343
"id23"	22	0.48359423	0.51057325
"id23"	23	0.60521505	0.54261927
"id23"	24	0.47978099	0.55947197
"id23"	25	0.33013815	0.57189153
"id23"	26	0.27390904	0.57967832
"id23"	27	0.22790525	0.60335545
"id23"	28	0.2201516	0.63493814
"id23"	29	0.23340264	0.65677508
"id23"	30	0.2917783	0.65845083
"id23"	31	0.33891302	0.65437915
"id23"	32	0.47794548	0.66094901
"id23"	33	0.6225564	0.66292458
"id23"	34	0.52211361	0.70227982
"id23"	35	0.38922069	0.73739469
"id23"	36	0.34158669	0.74654822
"id23"	37	0.28734688	0.77044157
"id23"	38	0.28697354	0.80531864
"id23"	39	0.30286775	0.83152457
"id23"	40	0.36261014	0.82460521
"id23"	41	0.41619608	0.81244943
"id23"	42	0.54406615	0.7917153
"id23"	43	0.68109491	0.78216953
"id23"	44	0.61345868	0.82733638
"id23"	45	0.54338112	0.8763612
"id23"	46	0.49158264	0.89639658
"id23"	47	0.45703336	0.93404543
"id23"	48	0.46066993	0.96469638
"id23"	49	0.47771729	0.9740829
"id23"	50	0.53251804	0.95999946
"id23"	51	0.57343733	0.93581132
"id23"	52	0.66492857	0.89351813
"id23"	53	0.7970326	0.84035998
"id23"	54	0.88550734	0.82857487
"id23"	55	0.97676546	0.81449395
"id23"	56	1.07105446	0.76991401
"id24"	1	1.12101039	0.41505875
"id24"	2	1.01565818	0.32887872
"id24"	3	0.90220867	0.26367196
"id24"	4	0.72887373	0.23339588
"id24"	5	0.6574527	0.23719215
"id24"	6	0.59617831	0.23014729
"id24"	7	0.56978921	0.24776294
"id24"	8	0.57118822	0.28972335
"id24"	9	0.63046176	0.33060991
"id24"	10	0.71068274	0.33560225
"id24"	11	0.81190535	0.35750126
"id24"	12	0.76116831	0.3940906
"id24"	13	0.69144753	0.40634713
"id24"	14	0.49479564	0.41770693
"id24"	15	0.37125433	0.42494402
"id24"	16	0.30965225	0.4338007
"id24"	17	0.25890451	0.46160332
"id24"	18	0.25046882	0.48969143
"id24"	19	0.26234028	0.51369843
"id24"	20	0.32090864	0.52481051
"id24"	21	0.3784435	0.51324782
"id24"	22	0.48270046	0.52397989
"id24"	23	0.63876197	0.53836831
"id24"	24	0.48001901	0.55443498
"id24"	25	0.3226341	0.56846047
"id24"	26	0.27322048	0.5766359
"id24"	27	0.21605112	0.60748422
"id24"	28	0.20896341	0.63354627
"id24"	29	0.22658976	0.66872209
"id24"	30	0.28989209	0.66832568
"id24"	31	0.34131854	0.65269892
"id24"	32	0.48451539	0.65560531
"id24"	33	0.63818598	0.65816195
"id24"	34	0.5224489	0.68670003
"id24"	35	0.3819984	0.71492616
"id24"	36	0.32953719	0.72546922
"id24"	37	0.27202879	0.75463052
"id24"	38	0.26934734	0.7850856
"id24"	39	0.28662143	0.8097751
"id24"	40	0.3519624	0.81072414
"id24"	41	0.3979894	0.80322932
"id24"	42	0.54250525	0.78649845
"id24"	43	0.70361582	0.77347937
"id24"	44	0.62308102	0.8019897
"id24"	45	0.53578367	0.84064796
"id24"	46	0.48061644	0.85525824
"id24"	47	0.43699422	0.89218598
"id24"	48	0.43328054	0.91756995
"id24"	49	0.44886697	0.93379665
"id24"	50	0.50268686	0.93001425
"id24"	51	0.56021101	0.90966484
"id24"	52	0.65834695	0.88114064
"id24"	53	0.80861576	0.84917308
"id24"	54	0.91388039	0.83858842
"id24"	55	1.02859594	0.81376595
"id24"	56	1.11927992	0.77442709
"id25"	1	1.16596357	0.42912397
"id25"	2	1.02562905	0.32153469
"id25"	3	0.91367453	0.25362539
"id25"	4	0.72632085	0.23465706
"id25"	5	0.65412311	0.25088101
"id25"	6	0.58785846	0.24998082
"id25"	7	0.56978671	0.2692182
"id25"	8	0.57411895	0.30419129
"id25"	9	0.63778545	0.34125211
"id25"	10	0.71853544	0.34319052
"id25"	11	0.81751486	0.34727924
"id25"	12	0.79771486	0.36681938
"id25"	13	0.71723509	0.3970031
"id25"	14	0.50137508	0.42944847
"id25"	15	0.35830995	0.44915443
"id25"	16	0.30344624	0.46234168
"id25"	17	0.26375338	0.49072394
"id25"	18	0.25067162	0.51803344
"id25"	19	0.26887915	0.55056248
"id25"	20	0.32820276	0.55266535
"id25"	21	0.37153785	0.54507362
"id25"	22	0.49184852	0.53828695
"id25"	23	0.63967858	0.53561226
"id25"	24	0.48018997	0.56355254
"id25"	25	0.31551663	0.59240113
"id25"	26	0.26871216	0.60060065
"id25"	27	0.21167236	0.63202186
"id25"	28	0.2059121	0.67054431
"id25"	29	0.22607068	0.69379854
"id25"	30	0.28999929	0.69153211
"id25"	31	0.34169863	0.68069379
"id25"	32	0.48801035	0.66935208
"id25"	33	0.63318646	0.66177188
"id25"	34	0.52163794	0.67775113
"id25"	35	0.37164693	0.69867041
"id25"	36	0.32362688	0.69993116
"id25"	37	0.27834075	0.7167977
"id25"	38	0.26188021	0.75540013
"id25"	39	0.27978497	0.78620092
"id25"	40	0.33707758	0.78687831
"id25"	41	0.38765646	0.77981214
"id25"	42	0.53283257	0.77223195
"id25"	43	0.70085827	0.76244339
"id25"	44	0.61946569	0.78741658
"id25"	45	0.52534407	0.81105717
"id25"	46	0.4684342	0.8228083
"id25"	47	0.41834833	0.85302457
"id25"	48	0.41535455	0.87675892
"id25"	49	0.43062051	0.90266485
"id25"	50	0.49280799	0.90070344
"id25"	51	0.54389954	0.88639573
"id25"	52	0.65281152	0.86553452
"id25"	53	0.82707533	0.84036296
"id25"	54	0.91903601	0.83496697
"id25"	55	1.0198865	0.81908059
"id25"	56	1.15258053	0.7708299
"id26"	1	1.15836868	0.41114988
"id26"	2	1.03489246	0.30853228
"id26"	3	0.92404409	0.23906749
"id26"	4	0.73060869	0.23253751
"id26"	5	0.65686089	0.28115462
"id26"	6	0.58187822	0.2985133
"id26"	7	0.58197269	0.32253206
"id26"	8	0.59430358	0.35388715
"id26"	9	0.65368408	0.36672257
"id26"	10	0.73949269	0.34765858
"id26"	11	0.8170199	0.34654093
"id26"	12	0.78166233	0.36876613
"id26"	13	0.69975036	0.38906083
"id26"	14	0.50886368	0.43392695
"id26"	15	0.35711193	0.4689257
"id26"	16	0.30048052	0.48525193
"id26"	17	0.25808569	0.52152472
"id26"	18	0.24914062	0.5469674
"id26"	19	0.26814205	0.57356896
"id26"	20	0.32608943	0.57739383
"id26"	21	0.37912115	0.56163464
"id26"	22	0.49884282	0.54647866
"id26"	23	0.64620982	0.53065696
"id26"	24	0.46567446	0.55909518
"id26"	25	0.31335568	0.59049424
"id26"	26	0.25615512	0.60320734
"id26"	27	0.20484004	0.62977694
"id26"	28	0.19760241	0.66605899
"id26"	29	0.21564322	0.69835915
"id26"	30	0.26732285	0.69761028
"id26"	31	0.33631208	0.67750669
"id26"	32	0.48396259	0.66348484
"id26"	33	0.66372844	0.65366795
"id26"	34	0.51968894	0.66710723
"id26"	35	0.36566484	0.68768034
"id26"	36	0.31455224	0.6920289
"id26"	37	0.2693138	0.7102495
"id26"	38	0.25429421	0.74405461
"id26"	39	0.26966908	0.77122743
"id26"	40	0.33084942	0.78377934
"id26"	41	0.38472249	0.77344866
"id26"	42	0.53712441	0.76608391
"id26"	43	0.70065134	0.75882501
"id26"	44	0.6242603	0.76715547
"id26"	45	0.5327552	0.78527228
"id26"	46	0.47260308	0.79104476
"id26"	47	0.41406386	0.81876608
"id26"	48	0.40750122	0.84753625
"id26"	49	0.42924968	0.86815781
"id26"	50	0.47665463	0.87548785
"id26"	51	0.54734707	0.86619677
"id26"	52	0.65024725	0.84998776
"id26"	53	0.82545279	0.84643651
"id26"	54	0.93463203	0.8347857
"id26"	55	1.04931878	0.81117277
"id26"	56	1.16410005	0.77645039
"id27"	1	1.06989425	0.42952022
"id27"	2	0.96595191	0.34282098
"id27"	3	0.87809746	0.28087002
"id27"	4	0.70503083	0.24702987
"id27"	5	0.63471876	0.25644443
"id27"	6	0.58122064	0.25187114
"id27"	7	0.55819115	0.26949006
"id27"	8	0.5671255	0.30758474
"id27"	9	0.60923757	0.33545842
"id27"	10	0.69032429	0.34305518
"id27"	11	0.78422998	0.37400619
"id27"	12	0.73945688	0.40431515
"id27"	13	0.67555772	0.41331185
"id27"	14	0.50803521	0.3903837
"id27"	15	0.38426927	0.37105655
"id27"	16	0.33109745	0.37130709
"id27"	17	0.28677451	0.38386134
"id27"	18	0.26897556	0.40757958
"id27"	19	0.27877792	0.43433246
"id27"	20	0.32487811	0.44905401
"id27"	21	0.38157672	0.45341876
"id27"	22	0.48691653	0.48683881
"id27"	23	0.60262586	0.53086843
"id27"	24	0.47141774	0.54585794
"id27"	25	0.32524948	0.55377506
"id27"	26	0.27409499	0.5603223
"id27"	27	0.23340312	0.57909208
"id27"	28	0.22105595	0.61212131
"id27"	29	0.23235429	0.63716968
"id27"	30	0.28424022	0.64184802
"id27"	31	0.33721544	0.63839621
"id27"	32	0.47127815	0.64255312
"id27"	33	0.61880581	0.65549887
"id27"	34	0.51945725	0.6893639
"id27"	35	0.37998319	0.72584346
"id27"	36	0.33385147	0.73530149
"id27"	37	0.29027192	0.75908054
"id27"	38	0.28765515	0.79309477
"id27"	39	0.30345256	0.81301688
"id27"	40	0.35331962	0.81137463
"id27"	41	0.40115663	0.80342452
"id27"	42	0.54157145	0.78138297
"id27"	43	0.68593093	0.77036964
"id27"	44	0.62343162	0.85017665
"id27"	45	0.55806577	0.91083803
"id27"	46	0.51318762	0.9395348
"id27"	47	0.48531316	0.98163494
"id27"	48	0.49019858	1.00710116
"id27"	49	0.51778795	1.01013657
"id27"	50	0.55837556	0.98976655
"id27"	51	0.601862	0.96437454
"id27"	52	0.68036804	0.90770206
"id27"	53	0.79507804	0.83737334
"id27"	54	0.89022916	0.81344802
"id27"	55	0.96955134	0.79378016
"id27"	56	1.06376169	0.75541682
"id28"	1	1.02299572	0.44727348
"id28"	2	0.91694021	0.37774718
"id28"	3	0.86050361	0.31036656
"id28"	4	0.76649196	0.2095881
"id28"	5	0.72964787	0.16963356
"id28"	6	0.70462953	0.11899716
"id28"	7	0.68038657	0.12166152
"id28"	8	0.65741771	0.14905936
"id28"	9	0.66573523	0.21847814
"id28"	10	0.69492213	0.26757343
"id28"	11	0.7538071	0.36714667
"id28"	12	0.72575963	0.44054461
"id28"	13	0.6488215	0.46269024
"id28"	14	0.48435946	0.43996119
"id28"	15	0.37159956	0.42491757
"id28"	16	0.32800556	0.42212786
"id28"	17	0.28327036	0.4418213
"id28"	18	0.2674372	0.45869955
"id28"	19	0.27804742	0.48314818
"id28"	20	0.32296654	0.49805612
"id28"	21	0.37329254	0.50623858
"id28"	22	0.47094643	0.53159343
"id28"	23	0.57562479	0.57169777
"id28"	24	0.46596876	0.59490263
"id28"	25	0.33315993	0.61090394
"id28"	26	0.28796729	0.61657504
"id28"	27	0.24512589	0.63713997
"id28"	28	0.23479023	0.66460565
"id28"	29	0.25176179	0.69772728
"id28"	30	0.30111267	0.69051889
"id28"	31	0.34631182	0.68483365
"id28"	32	0.47022134	0.68314717
"id28"	33	0.60311697	0.68444846
"id28"	34	0.5124658	0.71639035
"id28"	35	0.38996438	0.74748734
"id28"	36	0.35133876	0.7538856
"id28"	37	0.29514465	0.78097034
"id28"	38	0.29692339	0.80710059
"id28"	39	0.31359597	0.83087959
"id28"	40	0.36449447	0.82782563
"id28"	41	0.41368689	0.81593751
"id28"	42	0.53423316	0.7965881
"id28"	43	0.67082959	0.78232976
"id28"	44	0.59974165	0.81176575
"id28"	45	0.52114736	0.85500159
"id28"	46	0.47866629	0.87229007
"id28"	47	0.44648882	0.90466393
"id28"	48	0.44761207	0.92473832
"id28"	49	0.46500798	0.94193999
"id28"	50	0.50676953	0.93123916
"id28"	51	0.55114822	0.91483247
"id28"	52	0.63369508	0.87800519
"id28"	53	0.76677361	0.84141451
"id28"	54	0.88043324	0.81200296
"id28"	55	0.98290366	0.76939333
"id28"	56	1.07973013	0.72414368
"id29"	1	1.06050053	0.45722026
"id29"	2	0.94858417	0.36829613
"id29"	3	0.86320654	0.31300946
"id29"	4	0.72815151	0.24832003
"id29"	5	0.66752821	0.2255036
"id29"	6	0.62263899	0.1880577
"id29"	7	0.59079978	0.20157006
"id29"	8	0.59140451	0.23947574
"id29"	9	0.61535536	0.28954936
"id29"	10	0.67368449	0.33031649
"id29"	11	0.76659301	0.38389635
"id29"	12	0.71835121	0.40901556
"id29"	13	0.6762509	0.41215683
"id29"	14	0.52126463	0.36462219
"id29"	15	0.41548595	0.3313734
"id29"	16	0.3696483	0.31790971
"id29"	17	0.31313591	0.32745606
"id29"	18	0.2954026	0.34730105
"id29"	19	0.30185387	0.37596398
"id29"	20	0.34067915	0.40051347
"id29"	21	0.39556336	0.41192922
"id29"	22	0.49248661	0.45509798
"id29"	23	0.58378072	0.52964864
"id29"	24	0.45845555	0.59272472
"id29"	25	0.33527708	0.64421769
"id29"	26	0.28566708	0.66331044
"id29"	27	0.24466628	0.69948049
"id29"	28	0.24960188	0.72848455
"id29"	29	0.26224083	0.74942039
"id29"	30	0.32377255	0.73397878
"id29"	31	0.36349754	0.72028398
"id29"	32	0.48637237	0.68153995
"id29"	33	0.60173498	0.65873616
"id29"	34	0.50406561	0.7108339
"id29"	35	0.38356863	0.76014269
"id29"	36	0.34033745	0.77938039
"id29"	37	0.30015264	0.81220547
"id29"	38	0.29989518	0.83920526
"id29"	39	0.31555171	0.85945013
"id29"	40	0.37356854	0.84956517
"id29"	41	0.41379084	0.83100469
"id29"	42	0.53062293	0.79360892
"id29"	43	0.65904065	0.75837107
"id29"	44	0.58988674	0.81038514
"id29"	45	0.51772647	0.86308764
"id29"	46	0.48086288	0.88247281
"id29"	47	0.44471653	0.91914269
"id29"	48	0.45082667	0.94628995
"id29"	49	0.46712798	0.95530155
"id29"	50	0.5192633	0.94040596
"id29"	51	0.5547674	0.91498058
"id29"	52	0.64104479	0.86860818
"id29"	53	0.7725926	0.81205839
"id29"	54	0.87272097	0.79902963
"id29"	55	0.96545216	0.78133138
"id29"	56	1.06472087	0.75740796
"id3"	1	1.07830045	0.4544961
"id3"	2	0.97755182	0.36449838
"id3"	3	0.88534666	0.29529988
"id3"	4	0.74863188	0.23881677
"id3"	5	0.68701505	0.20400595
"id3"	6	0.63999914	0.18269568
"id3"	7	0.60734871	0.19261035
"id3"	8	0.60096238	0.22798051
"id3"	9	0.6225511	0.27259701
"id3"	10	0.70016392	0.32682143
"id3"	11	0.78221868	0.38111586
"id3"	12	0.74783987	0.41020869
"id3"	13	0.66921531	0.43132367
"id3"	14	0.50104888	0.4054459
"id3"	15	0.37419005	0.38603332
"id3"	16	0.32550448	0.37948113
"id3"	17	0.27665106	0.3847377
"id3"	18	0.26308306	0.40524321
"id3"	19	0.26418355	0.4333337
"id3"	20	0.3111406	0.45907505
"id3"	21	0.36426811	0.46569725
"id3"	22	0.48354183	0.49978931
"id3"	23	0.58644683	0.5425277
"id3"	24	0.461848	0.574854
"id3"	25	0.31814943	0.59954747
"id3"	26	0.26625971	0.6106802
"id3"	27	0.22171093	0.62634233
"id3"	28	0.21237788	0.66167334
"id3"	29	0.22827558	0.68848675
"id3"	30	0.28150124	0.68772013
"id3"	31	0.3333604	0.67806061
"id3"	32	0.47540888	0.66665184
"id3"	33	0.59371954	0.66230689
"id3"	34	0.5176994	0.71005871
"id3"	35	0.40471546	0.75880415
"id3"	36	0.34684285	0.77576292
"id3"	37	0.300692	0.8002675
"id3"	38	0.30027984	0.83129614
"id3"	39	0.32212371	0.85670391
"id3"	40	0.3725095	0.84702482
"id3"	41	0.4259596	0.82853369
"id3"	42	0.54762042	0.79468374
"id3"	43	0.66330694	0.76518631
"id3"	44	0.61243056	0.8117985
"id3"	45	0.54983241	0.85086485
"id3"	46	0.49776611	0.87529087
"id3"	47	0.45887763	0.91024029
"id3"	48	0.46595244	0.93397826
"id3"	49	0.48500431	0.94604232
"id3"	50	0.52502384	0.93771016
"id3"	51	0.58295531	0.91632031
"id3"	52	0.65294228	0.87735209
"id3"	53	0.77331489	0.82871579
"id3"	54	0.87251497	0.81672686
"id3"	55	0.97911229	0.80337356
"id3"	56	1.07864823	0.7677561
"id30"	1	1.07945888	0.45114494
"id30"	2	0.95525171	0.35099978
"id30"	3	0.873626	0.28988793
"id30"	4	0.74109216	0.22547402
"id30"	5	0.68149256	0.20271816
"id30"	6	0.6375033	0.16544136
"id30"	7	0.60578105	0.17718362
"id30"	8	0.59356822	0.21970571
"id30"	9	0.6196404	0.26546403
"id30"	10	0.69862424	0.30480235
"id30"	11	0.778258	0.37563485
"id30"	12	0.72503293	0.41838779
"id30"	13	0.66784573	0.42848621
"id30"	14	0.49759286	0.41758244
"id30"	15	0.37769085	0.40529124
"id30"	16	0.33144906	0.40143475
"id30"	17	0.27987063	0.4187459
"id30"	18	0.26714323	0.44395821
"id30"	19	0.27987059	0.47082733
"id30"	20	0.32725599	0.48401228
"id30"	21	0.37817428	0.48730136
"id30"	22	0.48307324	0.50614655
"id30"	23	0.60306792	0.54524245
"id30"	24	0.46709664	0.5696337
"id30"	25	0.33174421	0.5860566
"id30"	26	0.28563778	0.59638451
"id30"	27	0.23910068	0.61623188
"id30"	28	0.22458111	0.65271455
"id30"	29	0.24004447	0.67609205
"id30"	30	0.29662437	0.67396057
"id30"	31	0.34659884	0.6694709
"id30"	32	0.47649084	0.66002984
"id30"	33	0.61604784	0.66519087
"id30"	34	0.51350843	0.69183324
"id30"	35	0.38295629	0.72187453
"id30"	36	0.34599151	0.72951928
"id30"	37	0.28875147	0.75225099
"id30"	38	0.28418062	0.77963328
"id30"	39	0.29809287	0.80319898
"id30"	40	0.35368767	0.80592063
"id30"	41	0.39841962	0.79733346
"id30"	42	0.52426555	0.78049006
"id30"	43	0.67513419	0.77481138
"id30"	44	0.60550188	0.83848951
"id30"	45	0.53610186	0.89111003
"id30"	46	0.49928401	0.91293777
"id30"	47	0.46741338	0.96256689
"id30"	48	0.46850414	0.98452863
"id30"	49	0.48811926	0.9900419
"id30"	50	0.53483299	0.97174705
"id30"	51	0.58042625	0.94412094
"id30"	52	0.66108647	0.89330557
"id30"	53	0.7880515	0.83370044
"id30"	54	0.87578905	0.81517334
"id30"	55	0.97715374	0.7918214
"id30"	56	1.07235664	0.75660198
"id31"	1	0.96752136	0.49358894
"id31"	2	0.87948648	0.41302757
"id31"	3	0.83340772	0.35052284
"id31"	4	0.78067132	0.23234273
"id31"	5	0.76648292	0.18912433
"id31"	6	0.75097734	0.1242287
"id31"	7	0.73532923	0.12225926
"id31"	8	0.71056818	0.14064365
"id31"	9	0.69726642	0.21157013
"id31"	10	0.70846486	0.2512977
"id31"	11	0.72398833	0.38037381
"id31"	12	0.69468032	0.42498249
"id31"	13	0.61798015	0.45987959
"id31"	14	0.47314622	0.41953229
"id31"	15	0.37794153	0.38604784
"id31"	16	0.33859803	0.37922826
"id31"	17	0.29636252	0.38045733
"id31"	18	0.28143017	0.39508475
"id31"	19	0.28133195	0.41563852
"id31"	20	0.32549245	0.44114045
"id31"	21	0.36322483	0.45585465
"id31"	22	0.4471853	0.49197169
"id31"	23	0.55105606	0.56549783
"id31"	24	0.42609607	0.60491865
"id31"	25	0.32082958	0.62655978
"id31"	26	0.28978447	0.63543372
"id31"	27	0.23925974	0.6530614
"id31"	28	0.23485571	0.68055357
"id31"	29	0.24726262	0.69831356
"id31"	30	0.30387466	0.6992059
"id31"	31	0.34013024	0.69099516
"id31"	32	0.45234341	0.6736493
"id31"	33	0.56450277	0.66658089
"id31"	34	0.48121417	0.72153203
"id31"	35	0.40081644	0.76842509
"id31"	36	0.36450705	0.78691328
"id31"	37	0.31787693	0.8156334
"id31"	38	0.3223437	0.84204916
"id31"	39	0.3354138	0.85459867
"id31"	40	0.39176668	0.84269062
"id31"	41	0.42837022	0.82672763
"id31"	42	0.52092511	0.78479304
"id31"	43	0.612978	0.74932981
"id31"	44	0.60008718	0.83431872
"id31"	45	0.56788718	0.88697606
"id31"	46	0.54212382	0.91831732
"id31"	47	0.52486445	0.95633669
"id31"	48	0.52937674	0.97248555
"id31"	49	0.55135375	0.97369289
"id31"	50	0.58340173	0.95186678
"id31"	51	0.61169858	0.92022082
"id31"	52	0.65052288	0.86933694
"id31"	53	0.72383068	0.78478277
"id31"	54	0.78321678	0.76607981
"id31"	55	0.84707217	0.74171819
"id31"	56	0.91275903	0.72225747
"id32"	1	1.00185457	0.47276864
"id32"	2	0.91775606	0.39051991
"id32"	3	0.85019868	0.32277664
"id32"	4	0.75387361	0.21681789
"id32"	5	0.71997622	0.18225486
"id32"	6	0.68400847	0.12523363
"id32"	7	0.66080889	0.13171139
"id32"	8	0.64408546	0.16137838
"id32"	9	0.65846669	0.22604505
"id32"	10	0.686789	0.26147977
"id32"	11	0.74462698	0.37630655
"id32"	12	0.72720188	0.42886517
"id32"	13	0.6357158	0.463101
"id32"	14	0.48734608	0.42507427
"id32"	15	0.38190344	0.39742741
"id32"	16	0.34357978	0.38917816
"id32"	17	0.28827302	0.39070498
"id32"	18	0.27259342	0.4088178
"id32"	19	0.27832656	0.43640408
"id32"	20	0.32138622	0.4567131
"id32"	21	0.3635687	0.47147967
"id32"	22	0.46731575	0.50651232
"id32"	23	0.58258774	0.56964557
"id32"	24	0.45681217	0.58504092
"id32"	25	0.33069443	0.58909881
"id32"	26	0.29132692	0.59240373
"id32"	27	0.23710695	0.60088129
"id32"	28	0.22403434	0.63566763
"id32"	29	0.23789626	0.66055245
"id32"	30	0.29823986	0.66392828
"id32"	31	0.33942841	0.66318903
"id32"	32	0.46385057	0.66651692
"id32"	33	0.59718906	0.68126155
"id32"	34	0.49726301	0.72535758
"id32"	35	0.39903415	0.76207817
"id32"	36	0.3611972	0.77510424
"id32"	37	0.30650261	0.80785782
"id32"	38	0.30676388	0.82775909
"id32"	39	0.32092504	0.84547645
"id32"	40	0.3813615	0.8402972
"id32"	41	0.42658263	0.82895636
"id32"	42	0.52868063	0.79875149
"id32"	43	0.65015362	0.7740684
"id32"	44	0.60979733	0.85298374
"id32"	45	0.56752537	0.89233555
"id32"	46	0.53163654	0.91788907
"id32"	47	0.49931441	0.95710507
"id32"	48	0.50213972	0.97517495
"id32"	49	0.51822513	0.98690126
"id32"	50	0.56257618	0.96999569
"id32"	51	0.60358598	0.94080169
"id32"	52	0.653978	0.89876038
"id32"	53	0.76011716	0.81239935
"id32"	54	0.82415277	0.7938465
"id32"	55	0.89448577	0.77002814
"id32"	56	0.97111938	0.74096495
"id33"	1	1.06478265	0.45026832
"id33"	2	0.96646469	0.34995583
"id33"	3	0.86481221	0.2994482
"id33"	4	0.70042187	0.24648204
"id33"	5	0.65448556	0.22108083
"id33"	6	0.59218211	0.18742739
"id33"	7	0.56089475	0.20338274
"id33"	8	0.56073164	0.24436213
"id33"	9	0.60403225	0.29812252
"id33"	10	0.66036944	0.32639867
"id33"	11	0.76981688	0.39995485
"id33"	12	0.74666015	0.43233459
"id33"	13	0.68385791	0.44628471
"id33"	14	0.5067784	0.41217631
"id33"	15	0.39274726	0.3821113
"id33"	16	0.34138271	0.37087825
"id33"	17	0.28145542	0.37442748
"id33"	18	0.26403744	0.39422391
"id33"	19	0.26832469	0.42450593
"id33"	20	0.32247004	0.44993231
"id33"	21	0.36688816	0.45924712
"id33"	22	0.47519458	0.50190487
"id33"	23	0.61935638	0.5686597
"id33"	24	0.47459936	0.5740909
"id33"	25	0.33301606	0.57070838
"id33"	26	0.28698562	0.56990138
"id33"	27	0.22513548	0.58037357
"id33"	28	0.21145501	0.61090887
"id33"	29	0.22110153	0.6434079
"id33"	30	0.2910823	0.64936009
"id33"	31	0.33584783	0.65204842
"id33"	32	0.46665306	0.66736806
"id33"	33	0.63683709	0.69135631
"id33"	34	0.52354001	0.71518736
"id33"	35	0.40454569	0.74341384
"id33"	36	0.35531805	0.75142517
"id33"	37	0.29340125	0.77829426
"id33"	38	0.28510751	0.80284927
"id33"	39	0.29983716	0.82781837
"id33"	40	0.36699332	0.82775336
"id33"	41	0.41968945	0.82070817
"id33"	42	0.53799838	0.80572061
"id33"	43	0.68659877	0.78643176
"id33"	44	0.62833477	0.8486199
"id33"	45	0.55818146	0.88366113
"id33"	46	0.51870853	0.89958672
"id33"	47	0.46969267	0.93375365
"id33"	48	0.46897981	0.95518988
"id33"	49	0.48341468	0.97037911
"id33"	50	0.54619174	0.96463803
"id33"	51	0.59102395	0.95092945
"id33"	52	0.67475416	0.90996117
"id33"	53	0.81850581	0.84084945
"id33"	54	0.89648155	0.82065947
"id33"	55	0.97824972	0.79481374
"id33"	56	1.06953105	0.75891225
"id34"	1	1.11838773	0.42609199
"id34"	2	1.00676733	0.32904544
"id34"	3	0.87651103	0.28427348
"id34"	4	0.67877374	0.27226793
"id34"	5	0.61782697	0.26874156
"id34"	6	0.53472964	0.26392228
"id34"	7	0.51851794	0.28466584
"id34"	8	0.5255086	0.31730534
"id34"	9	0.58987774	0.36714801
"id34"	10	0.66294237	0.38193989
"id34"	11	0.78001302	0.40483411
"id34"	12	0.74209439	0.4259772
"id34"	13	0.68436408	0.43430847
"id34"	14	0.51697491	0.40682928
"id34"	15	0.38791651	0.37991055
"id34"	16	0.32990077	0.37376666
"id34"	17	0.25475747	0.38497566
"id34"	18	0.24363808	0.40434371
"id34"	19	0.2475676	0.43235974
"id34"	20	0.29750568	0.46247334
"id34"	21	0.35858256	0.4732407
"id34"	22	0.48394597	0.50660785
"id34"	23	0.64431607	0.56868499
"id34"	24	0.4880974	0.56909173
"id34"	25	0.34157849	0.56505262
"id34"	26	0.2803148	0.56706219
"id34"	27	0.21039391	0.58413666
"id34"	28	0.195234	0.61548326
"id34"	29	0.20561533	0.64720689
"id34"	30	0.2879361	0.65586047
"id34"	31	0.33904038	0.65659513
"id34"	32	0.47859113	0.67524291
"id34"	33	0.66141883	0.68582544
"id34"	34	0.53472761	0.69460735
"id34"	35	0.41787888	0.70618098
"id34"	36	0.35707142	0.70987958
"id34"	37	0.27730805	0.72416233
"id34"	38	0.26970264	0.74983027
"id34"	39	0.28393428	0.78233967
"id34"	40	0.36071571	0.79066372
"id34"	41	0.4233389	0.79373727
"id34"	42	0.54894004	0.7943382
"id34"	43	0.71330296	0.79719542
"id34"	44	0.64503281	0.83379955
"id34"	45	0.56892953	0.86163237
"id34"	46	0.51888043	0.87151337
"id34"	47	0.46572269	0.89677278
"id34"	48	0.45980971	0.9219971
"id34"	49	0.4734516	0.94556387
"id34"	50	0.5360748	0.94863742
"id34"	51	0.59382111	0.94031535
"id34"	52	0.67468717	0.91664635
"id34"	53	0.82794312	0.87162495
"id34"	54	0.92528109	0.84169436
"id34"	55	1.02602234	0.81084449
"id34"	56	1.13372254	0.76540195
"id35"	1	1.14890352	0.41875351
"id35"	2	1.02626845	0.3248008
"id35"	3	0.88290042	0.28326837
"id35"	4	0.67635287	0.28767889
"id35"	5	0.6166752	0.29408957
"id35"	6	0.52700004	0.29027786
"id35"	7	0.50829221	0.31130015
"id35"	8	0.51873955	0.35240718
"id35"	9	0.60192681	0.39858271
"id35"	10	0.66124295	0.403823
"id35"	11	0.79294646	0.4065335
"id35"	12	0.74970509	0.42916512
"id35"	13	0.70574943	0.43661724
"id35"	14	0.50907193	0.42266416
"id35"	15	0.36889216	0.41096138
"id35"	16	0.31046712	0.41506198
"id35"	17	0.23879799	0.43278442
"id35"	18	0.22063265	0.45556244
"id35"	19	0.23247794	0.48855889
"id35"	20	0.30469788	0.51108281
"id35"	21	0.36243511	0.51102698
"id35"	22	0.48143702	0.52911504
"id35"	23	0.6643636	0.57414142
"id35"	24	0.49311468	0.56793303
"id35"	25	0.33297946	0.56030021
"id35"	26	0.28107691	0.56051972
"id35"	27	0.19794152	0.57206828
"id35"	28	0.18578264	0.60843376
"id35"	29	0.2006271	0.63859472
"id35"	30	0.28061297	0.65494455
"id35"	31	0.33128522	0.65701408
"id35"	32	0.48470406	0.67435743
"id35"	33	0.66197256	0.69414933
"id35"	34	0.54475157	0.69478641
"id35"	35	0.41480774	0.69154655
"id35"	36	0.35248848	0.68912862
"id35"	37	0.27270087	0.70542685
"id35"	38	0.26336019	0.72555013
"id35"	39	0.27626815	0.76207908
"id35"	40	0.34920218	0.78055032
"id35"	41	0.40392315	0.78332081
"id35"	42	0.55699338	0.79307899
"id35"	43	0.72258445	0.79328509
"id35"	44	0.64986577	0.80747108
"id35"	45	0.55895133	0.82519768
"id35"	46	0.51127826	0.82029265
"id35"	47	0.44844692	0.83535641
"id35"	48	0.43857687	0.85372001
"id35"	49	0.45041821	0.88670334
"id35"	50	0.51804693	0.90677058
"id35"	51	0.58054696	0.90336303
"id35"	52	0.6686432	0.90187862
"id35"	53	0.85486941	0.87471153
"id35"	54	0.97524781	0.84620233
"id35"	55	1.08291652	0.81381225
"id35"	56	1.17097818	0.77384511
"id36"	1	1.18409873	0.41727453
"id36"	2	1.04985816	0.32274708
"id36"	3	0.8835635	0.28717688
"id36"	4	0.68465892	0.314716
"id36"	5	0.61514515	0.32232026
"id36"	6	0.5168093	0.32170511
"id36"	7	0.50556576	0.34754687
"id36"	8	0.51719249	0.38763841
"id36"	9	0.58814872	0.42558284
"id36"	10	0.68290942	0.42742774
"id36"	11	0.81643172	0.39606176
"id36"	12	0.76558699	0.41734688
"id36"	13	0.70332449	0.43449598
"id36"	14	0.50130921	0.44108586
"id36"	15	0.36286393	0.45208861
"id36"	16	0.29636092	0.46267772
"id36"	17	0.22516633	0.48888129
"id36"	18	0.20853991	0.51655218
"id36"	19	0.22130447	0.54824125
"id36"	20	0.29806952	0.55018182
"id36"	21	0.36401618	0.54979409
"id36"	22	0.4905659	0.55683883
"id36"	23	0.68555677	0.57666844
"id36"	24	0.49361595	0.56581474
"id36"	25	0.32630932	0.56260701
"id36"	26	0.26754874	0.56055288
"id36"	27	0.19387301	0.5735793
"id36"	28	0.1778807	0.60903564
"id36"	29	0.18825177	0.63955643
"id36"	30	0.26748006	0.65466532
"id36"	31	0.3328578	0.65847882
"id36"	32	0.48705249	0.67615437
"id36"	33	0.7006293	0.69766935
"id36"	34	0.54227267	0.68541596
"id36"	35	0.41450202	0.67477818
"id36"	36	0.34851608	0.66917484
"id36"	37	0.27118212	0.6714355
"id36"	38	0.25813538	0.69789
"id36"	39	0.26671206	0.72900562
"id36"	40	0.34180432	0.75553229
"id36"	41	0.40718207	0.75934579
"id36"	42	0.54882115	0.78128777
"id36"	43	0.73651693	0.78556813
"id36"	44	0.64779111	0.78968838
"id36"	45	0.57165215	0.78954647
"id36"	46	0.50982816	0.77852097
"id36"	47	0.44929031	0.78307519
"id36"	48	0.43140368	0.80116196
"id36"	49	0.43811196	0.82090364
"id36"	50	0.50546259	0.85406884
"id36"	51	0.57266946	0.86326523
"id36"	52	0.66626108	0.87350831
"id36"	53	0.83955878	0.87667677
"id36"	54	0.9701534	0.85432144
"id36"	55	1.09165427	0.81704295
"id36"	56	1.19391264	0.77027147
"id37"	1	1.04322658	0.47328364
"id37"	2	0.93316268	0.36353983
"id37"	3	0.8665791	0.30742947
"id37"	4	0.7380504	0.22086667
"id37"	5	0.70750795	0.18877364
"id37"	6	0.65088716	0.13917372
"id37"	7	0.62464298	0.14720581
"id37"	8	0.61854122	0.17935315
"id37"	9	0.64565706	0.25233434
"id37"	10	0.67766023	0.28396845
"id37"	11	0.76650103	0.37629687
"id37"	12	0.75331763	0.42177229
"id37"	13	0.66853022	0.45728124
"id37"	14	0.48079724	0.46373716
"id37"	15	0.35685633	0.46502059
"id37"	16	0.31583086	0.46641579
"id37"	17	0.2638014	0.4839407
"id37"	18	0.25065075	0.50867393
"id37"	19	0.25811916	0.53826925
"id37"	20	0.31391175	0.54350342
"id37"	21	0.3606419	0.54513022
"id37"	22	0.47909166	0.55190832
"id37"	23	0.62183743	0.57036971
"id37"	24	0.47067244	0.56086599
"id37"	25	0.33877897	0.55182141
"id37"	26	0.29306479	0.54828251
"id37"	27	0.23556941	0.55314092
"id37"	28	0.21792189	0.58403022
"id37"	29	0.2278486	0.611272
"id37"	30	0.29216496	0.62346888
"id37"	31	0.33306066	0.62688132
"id37"	32	0.46034163	0.64689713
"id37"	33	0.6231286	0.67356422
"id37"	34	0.51194125	0.68528375
"id37"	35	0.40062744	0.70182177
"id37"	36	0.34794391	0.70678494
"id37"	37	0.28425639	0.72787782
"id37"	38	0.27940183	0.74848271
"id37"	39	0.29460263	0.77730083
"id37"	40	0.36003972	0.78277375
"id37"	41	0.40981355	0.77868923
"id37"	42	0.52906575	0.7724717
"id37"	43	0.6524463	0.77455025
"id37"	44	0.61712934	0.85706772
"id37"	45	0.55563283	0.90616874
"id37"	46	0.52276259	0.9289788
"id37"	47	0.48863431	0.96333462
"id37"	48	0.493869	0.98563146
"id37"	49	0.50751539	0.99898478
"id37"	50	0.56291015	0.98203109
"id37"	51	0.59578038	0.95922103
"id37"	52	0.66691056	0.91036208
"id37"	53	0.7939088	0.82528544
"id37"	54	0.86958683	0.80690379
"id37"	55	0.96085612	0.78214923
"id37"	56	1.03195022	0.75402162
"id38"	1	1.08882736	0.4473231
"id38"	2	0.93834295	0.35326479
"id38"	3	0.84714831	0.30285545
"id38"	4	0.66787581	0.28679507
"id38"	5	0.61843224	0.27683269
"id38"	6	0.55393576	0.26189316
"id38"	7	0.53375442	0.28561399
"id38"	8	0.53665597	0.32028741
"id38"	9	0.59393445	0.36921861
"id38"	10	0.64428143	0.38047753
"id38"	11	0.76874679	0.40383809
"id38"	12	0.74053841	0.42156709
"id38"	13	0.68595292	0.44028336
"id38"	14	0.49656086	0.42354122
"id38"	15	0.37051707	0.40901335
"id38"	16	0.33131018	0.40542921
"id38"	17	0.27260665	0.41542994
"id38"	18	0.24800897	0.43836156
"id38"	19	0.25962901	0.46890052
"id38"	20	0.3121827	0.48056226
"id38"	21	0.36032972	0.49142804
"id38"	22	0.47817878	0.51360624
"id38"	23	0.63789147	0.56261328
"id38"	24	0.47620721	0.52463888
"id38"	25	0.3530384	0.50037492
"id38"	26	0.30540164	0.49300565
"id38"	27	0.24192951	0.48508522
"id38"	28	0.22107315	0.51893529
"id38"	29	0.23048648	0.54907144
"id38"	30	0.28978034	0.56762168
"id38"	31	0.34194763	0.58149306
"id38"	32	0.46312845	0.61678673
"id38"	33	0.62312977	0.65787417
"id38"	34	0.5132298	0.68037769
"id38"	35	0.39750276	0.69728251
"id38"	36	0.35191763	0.70393506
"id38"	37	0.28512389	0.72730574
"id38"	38	0.27507471	0.75168518
"id38"	39	0.28928111	0.78040765
"id38"	40	0.34914254	0.78312544
"id38"	41	0.41236986	0.77961715
"id38"	42	0.53444101	0.77181721
"id38"	43	0.6671011	0.78752744
"id38"	44	0.639379	0.8725011
"id38"	45	0.58782567	0.93160662
"id38"	46	0.54853409	0.96670268
"id38"	47	0.51817971	1.00909681
"id38"	48	0.53007195	1.03171324
"id38"	49	0.55135095	1.0400563
"id38"	50	0.59489412	1.0193752
"id38"	51	0.6384811	0.97934578
"id38"	52	0.69885743	0.92182543
"id38"	53	0.80023439	0.82609216
"id38"	54	0.88076807	0.80859912
"id38"	55	0.96340394	0.78578926
"id38"	56	1.06701036	0.73484223
"id39"	1	0.96895189	0.47724189
"id39"	2	0.87699768	0.37484548
"id39"	3	0.83691714	0.32339896
"id39"	4	0.77397851	0.22309616
"id39"	5	0.74945261	0.17981941
"id39"	6	0.729907	0.12909738
"id39"	7	0.71043877	0.12467497
"id39"	8	0.68968239	0.14261337
"id39"	9	0.68460905	0.20729901
"id39"	10	0.70344145	0.25688429
"id39"	11	0.74788779	0.37076048
"id39"	12	0.71714982	0.42834855
"id39"	13	0.62679598	0.46255765
"id39"	14	0.48583443	0.42656202
"id39"	15	0.38869998	0.39972147
"id39"	16	0.34436752	0.39239374
"id39"	17	0.29214824	0.39572243
"id39"	18	0.27924256	0.41385752
"id39"	19	0.28465993	0.43705251
"id39"	20	0.32743531	0.46070667
"id39"	21	0.37024795	0.47353007
"id39"	22	0.46087224	0.50251912
"id39"	23	0.56953969	0.56608523
"id39"	24	0.4500184	0.59519338
"id39"	25	0.32800385	0.62262113
"id39"	26	0.29029236	0.62699663
"id39"	27	0.24385264	0.64868071
"id39"	28	0.23272834	0.67815683
"id39"	29	0.24950417	0.69956058
"id39"	30	0.30171474	0.69623682
"id39"	31	0.3466023	0.69088788
"id39"	32	0.46740454	0.67495682
"id39"	33	0.5829776	0.67435136
"id39"	34	0.48764215	0.70520834
"id39"	35	0.39108569	0.74756695
"id39"	36	0.34432482	0.76324624
"id39"	37	0.30353264	0.78945747
"id39"	38	0.29978602	0.81011816
"id39"	39	0.31171847	0.83117336
"id39"	40	0.36845998	0.82218842
"id39"	41	0.41954146	0.80869489
"id39"	42	0.51972028	0.77818645
"id39"	43	0.61935272	0.76034976
"id39"	44	0.59485863	0.84531027
"id39"	45	0.5581569	0.89237509
"id39"	46	0.52801128	0.92645573
"id39"	47	0.50418291	0.96622493
"id39"	48	0.51061969	0.9857603
"id39"	49	0.52843362	0.99266119
"id39"	50	0.57238006	0.96929671
"id39"	51	0.60303974	0.9333838
"id39"	52	0.65276176	0.88202198
"id39"	53	0.74047139	0.79678114
"id39"	54	0.80890249	0.78117145
"id39"	55	0.87337138	0.75855003
"id39"	56	0.97322905	0.7220368
"id4"	1	1.12041055	0.4376401
"id4"	2	1.00302243	0.34211147
"id4"	3	0.90638212	0.28431648
"id4"	4	0.7356848	0.24907787
"id4"	5	0.6692497	0.22582289
"id4"	6	0.6029115	0.21833887
"id4"	7	0.5824739	0.23108875
"id4"	8	0.57797408	0.26897753
"id4"	9	0.62565188	0.32234074
"id4"	10	0.69211607	0.35032818
"id4"	11	0.79648292	0.38125347
"id4"	12	0.74772397	0.40994893
"id4"	13	0.68623463	0.42137743
"id4"	14	0.50148733	0.40830298
"id4"	15	0.36725477	0.39808889
"id4"	16	0.30882733	0.39371527
"id4"	17	0.26154705	0.40504471
"id4"	18	0.24116561	0.4288449
"id4"	19	0.25240007	0.45875709
"id4"	20	0.3030428	0.48053548
"id4"	21	0.3662027	0.48488002
"id4"	22	0.48631544	0.50780517
"id4"	23	0.60488935	0.5402168
"id4"	24	0.4677617	0.57104063
"id4"	25	0.31323694	0.59723873
"id4"	26	0.25648973	0.61021172
"id4"	27	0.212376	0.62468071
"id4"	28	0.20157988	0.66419355
"id4"	29	0.21912038	0.694067
"id4"	30	0.27434043	0.69056868
"id4"	31	0.33110705	0.68075458
"id4"	32	0.48417456	0.673496
"id4"	33	0.62460658	0.66632681
"id4"	34	0.52528246	0.6858677
"id4"	35	0.40081744	0.72293174
"id4"	36	0.33930861	0.7311896
"id4"	37	0.29049157	0.75043188
"id4"	38	0.28439884	0.78518319
"id4"	39	0.301949	0.8166302
"id4"	40	0.35717113	0.81155824
"id4"	41	0.41392601	0.80174421
"id4"	42	0.55268748	0.77880198
"id4"	43	0.68362542	0.76694674
"id4"	44	0.62705276	0.80832625
"id4"	45	0.55152109	0.84507787
"id4"	46	0.49640769	0.86593247
"id4"	47	0.45708458	0.88983731
"id4"	48	0.4557049	0.92140064
"id4"	49	0.47632671	0.93863086
"id4"	50	0.52366723	0.9351927
"id4"	51	0.58195894	0.91747758
"id4"	52	0.66539162	0.88225104
"id4"	53	0.79775007	0.84356486
"id4"	54	0.89713027	0.83506255
"id4"	55	0.9980397	0.81551192
"id4"	56	1.12400224	0.77370603
"id40"	1	0.96582114	0.474672
"id40"	2	0.90270172	0.3985999
"id40"	3	0.84587859	0.32803271
"id40"	4	0.78786215	0.22632548
"id40"	5	0.76890398	0.18261726
"id40"	6	0.75216005	0.12401819
"id40"	7	0.73294354	0.11680939
"id40"	8	0.70939213	0.13932893
"id40"	9	0.70003929	0.19464388
"id40"	10	0.7174503	0.25437287
"id40"	11	0.74836535	0.35638993
"id40"	12	0.70864715	0.42751563
"id40"	13	0.61851394	0.46074828
"id40"	14	0.48097326	0.41350021
"id40"	15	0.38829518	0.37852385
"id40"	16	0.35418897	0.36920161
"id40"	17	0.3096401	0.36281526
"id40"	18	0.28955008	0.38336032
"id40"	19	0.29441721	0.40783957
"id40"	20	0.3342213	0.43511413
"id40"	21	0.36734476	0.44802911
"id40"	22	0.46082978	0.48708778
"id40"	23	0.5562317	0.57201196
"id40"	24	0.45105432	0.65321041
"id40"	25	0.34898038	0.71597863
"id40"	26	0.31632243	0.73308586
"id40"	27	0.27532329	0.77011189
"id40"	28	0.27970572	0.79638935
"id40"	29	0.29536155	0.813204
"id40"	30	0.34335505	0.7964229
"id40"	31	0.38173664	0.77605076
"id40"	32	0.4849349	0.72323684
"id40"	33	0.59057777	0.6720606
"id40"	34	0.48575034	0.72731429
"id40"	35	0.40034755	0.77148765
"id40"	36	0.36425856	0.79056331
"id40"	37	0.3216322	0.81942109
"id40"	38	0.32111689	0.84242803
"id40"	39	0.33726227	0.85745298
"id40"	40	0.39603401	0.84362016
"id40"	41	0.43114024	0.82813726
"id40"	42	0.52160129	0.79016372
"id40"	43	0.63115914	0.74585074
"id40"	44	0.56550689	0.78481094
"id40"	45	0.51505346	0.81055872
"id40"	46	0.47341666	0.82522424
"id40"	47	0.4353658	0.85147203
"id40"	48	0.43339349	0.86925704
"id40"	49	0.44708574	0.88264917
"id40"	50	0.49245685	0.88251346
"id40"	51	0.5376864	0.8688307
"id40"	52	0.60038553	0.84064025
"id40"	53	0.71778941	0.78881954
"id40"	54	0.78944842	0.77368853
"id40"	55	0.8761409	0.74240728
"id40"	56	0.97018424	0.71602938
"id5"	1	1.1233905	0.43361364
"id5"	2	1.00719171	0.34334512
"id5"	3	0.90080816	0.28452613
"id5"	4	0.73946583	0.25313218
"id5"	5	0.67132421	0.22861609
"id5"	6	0.60650564	0.21826229
"id5"	7	0.58140071	0.23273023
"id5"	8	0.57870009	0.27536506
"id5"	9	0.6202142	0.31909813
"id5"	10	0.68524803	0.3483803
"id5"	11	0.79446793	0.37718739
"id5"	12	0.7443039	0.40929355
"id5"	13	0.68447716	0.42413482
"id5"	14	0.50277364	0.40714607
"id5"	15	0.37322677	0.39592633
"id5"	16	0.31005476	0.39344652
"id5"	17	0.26281179	0.40341982
"id5"	18	0.24574511	0.43042571
"id5"	19	0.25395822	0.46031882
"id5"	20	0.30148955	0.47716481
"id5"	21	0.36784245	0.48276944
"id5"	22	0.48018705	0.5083839
"id5"	23	0.6036489	0.54018514
"id5"	24	0.46978224	0.5684586
"id5"	25	0.32170204	0.59528776
"id5"	26	0.260268	0.60699903
"id5"	27	0.21623988	0.62325582
"id5"	28	0.20246758	0.66285066
"id5"	29	0.21855444	0.69107372
"id5"	30	0.27853913	0.69201415
"id5"	31	0.33522413	0.6787803
"id5"	32	0.47721918	0.6725209
"id5"	33	0.61759506	0.66311988
"id5"	34	0.52787521	0.68617426
"id5"	35	0.37993073	0.72562633
"id5"	36	0.3437256	0.7354927
"id5"	37	0.29496522	0.75178862
"id5"	38	0.2874816	0.7897422
"id5"	39	0.30986886	0.81632388
"id5"	40	0.35878188	0.81422433
"id5"	41	0.39811702	0.80275067
"id5"	42	0.55254838	0.77900051
"id5"	43	0.68180184	0.76183912
"id5"	44	0.6317955	0.8097035
"id5"	45	0.53595679	0.85019246
"id5"	46	0.50296107	0.86474524
"id5"	47	0.46065375	0.89359616
"id5"	48	0.46097607	0.92357411
"id5"	49	0.47850079	0.93916909
"id5"	50	0.52264772	0.93396175
"id5"	51	0.55884124	0.92410725
"id5"	52	0.66731473	0.88349419
"id5"	53	0.797887	0.84263177
"id5"	54	0.89878685	0.83050791
"id5"	55	1.01065649	0.81194805
"id5"	56	1.12703769	0.7728236
"id6"	1	1.14141436	0.41332669
"id6"	2	1.0345341	0.33417807
"id6"	3	0.90809333	0.28987106
"id6"	4	0.73639967	0.28115287
"id6"	5	0.65211738	0.27160162
"id6"	6	0.58682081	0.26665123
"id6"	7	0.55986882	0.2828559
"id6"	8	0.55572882	0.31724902
"id6"	9	0.62265647	0.37872045
"id6"	10	0.71056599	0.39501564
"id6"	11	0.78417798	0.39116558
"id6"	12	0.84533643	0.37224414
"id6"	13	0.70798435	0.42422317
"id6"	14	0.4947651	0.46127869
"id6"	15	0.36004433	0.48575792
"id6"	16	0.29196671	0.50315866
"id6"	17	0.24611634	0.51820379
"id6"	18	0.23008372	0.55637388
"id6"	19	0.24131458	0.5886108
"id6"	20	0.30811984	0.58666787
"id6"	21	0.37628442	0.57269569
"id6"	22	0.50793815	0.56029538
"id6"	23	0.65177049	0.55439031
"id6"	24	0.47896695	0.56627823
"id6"	25	0.31673363	0.58812652
"id6"	26	0.24669958	0.59702555
"id6"	27	0.20069984	0.60693475
"id6"	28	0.18325823	0.65542636
"id6"	29	0.20299043	0.6856941
"id6"	30	0.25276715	0.68767752
"id6"	31	0.32455897	0.68044929
"id6"	32	0.48043367	0.67591592
"id6"	33	0.65701418	0.67592061
"id6"	34	0.53882417	0.67935799
"id6"	35	0.38299951	0.68561184
"id6"	36	0.33161477	0.68710628
"id6"	37	0.2734233	0.69050786
"id6"	38	0.26066951	0.72344233
"id6"	39	0.27354531	0.75390948
"id6"	40	0.33556343	0.76410824
"id6"	41	0.39209684	0.76246405
"id6"	42	0.53627796	0.76855131
"id6"	43	0.66978878	0.76123725
"id6"	44	0.63396118	0.76741951
"id6"	45	0.54851935	0.77676665
"id6"	46	0.49183657	0.77327491
"id6"	47	0.44881654	0.76766389
"id6"	48	0.42715022	0.78886785
"id6"	49	0.43836833	0.82110514
"id6"	50	0.48335754	0.8352175
"id6"	51	0.54355548	0.84203811
"id6"	52	0.64315821	0.84769993
"id6"	53	0.80819488	0.86347392
"id6"	54	0.94881118	0.86452458
"id6"	55	1.09164759	0.82437576
"id6"	56	1.22553454	0.77078834
"id7"	1	1.11899738	0.43471241
"id7"	2	0.9952523	0.33450825
"id7"	3	0.90368984	0.2875755
"id7"	4	0.74514461	0.23932832
"id7"	5	0.66470197	0.22826657
"id7"	6	0.6023746	0.21844737
"id7"	7	0.57348612	0.23369458
"id7"	8	0.56900717	0.27090131
"id7"	9	0.6143028	0.31525347
"id7"	10	0.69658634	0.34042144
"id7"	11	0.7922265	0.38539541
"id7"	12	0.75523859	0.40457959
"id7"	13	0.68248293	0.42482493
"id7"	14	0.49723459	0.41954341
"id7"	15	0.37344114	0.41199112
"id7"	16	0.30700877	0.4091622
"id7"	17	0.26058615	0.41664713
"id7"	18	0.24106374	0.44863584
"id7"	19	0.24984867	0.47189706
"id7"	20	0.30296746	0.49369522
"id7"	21	0.36233747	0.49743511
"id7"	22	0.47842221	0.51748662
"id7"	23	0.60497873	0.54621138
"id7"	24	0.48037091	0.56533703
"id7"	25	0.31802492	0.58147972
"id7"	26	0.26506019	0.58837575
"id7"	27	0.21760438	0.59887549
"id7"	28	0.20345405	0.64451493
"id7"	29	0.21676097	0.66934467
"id7"	30	0.27607353	0.67813068
"id7"	31	0.32857546	0.66768839
"id7"	32	0.48974367	0.66462993
"id7"	33	0.61614613	0.66466049
"id7"	34	0.53123573	0.69080936
"id7"	35	0.38073917	0.72622272
"id7"	36	0.34040317	0.73076536
"id7"	37	0.29542685	0.74380547
"id7"	38	0.28840752	0.7834917
"id7"	39	0.3092211	0.81093776
"id7"	40	0.35401433	0.81299468
"id7"	41	0.40043695	0.80550975
"id7"	42	0.55531478	0.78172312
"id7"	43	0.68340021	0.76717691
"id7"	44	0.62838975	0.81887005
"id7"	45	0.55348057	0.8501683
"id7"	46	0.4989624	0.86157901
"id7"	47	0.45420101	0.89829345
"id7"	48	0.4559309	0.92248073
"id7"	49	0.47085602	0.93776474
"id7"	50	0.52120443	0.93837536
"id7"	51	0.57932243	0.92146692
"id7"	52	0.6673621	0.88629645
"id7"	53	0.80628161	0.85024062
"id7"	54	0.90812607	0.83839227
"id7"	55	1.01973293	0.81307673
"id7"	56	1.12029568	0.7805572
"id8"	1	1.0865248	0.4251432
"id8"	2	0.99177444	0.346498
"id8"	3	0.89065433	0.29542349
"id8"	4	0.75032885	0.24296709
"id8"	5	0.67946997	0.21587347
"id8"	6	0.61549022	0.19743626
"id8"	7	0.58938174	0.20543148
"id8"	8	0.58094525	0.23749444
"id8"	9	0.61986306	0.29551953
"id8"	10	0.69704833	0.33593732
"id8"	11	0.78712652	0.38728974
"id8"	12	0.737936	0.41779132
"id8"	13	0.67447316	0.4356172
"id8"	14	0.49786298	0.42458681
"id8"	15	0.36665149	0.41566786
"id8"	16	0.31347482	0.41265488
"id8"	17	0.27027327	0.41866887
"id8"	18	0.24630393	0.44893144
"id8"	19	0.25530796	0.47987697
"id8"	20	0.30567542	0.49358576
"id8"	21	0.35867125	0.49815896
"id8"	22	0.4853236	0.51912863
"id8"	23	0.60587836	0.55198243
"id8"	24	0.47317771	0.56965382
"id8"	25	0.31662638	0.58928084
"id8"	26	0.26582768	0.59283307
"id8"	27	0.21688889	0.6076223
"id8"	28	0.20480367	0.64398246
"id8"	29	0.22331385	0.67446036
"id8"	30	0.27803918	0.67765285
"id8"	31	0.33265455	0.66825341
"id8"	32	0.48082872	0.66653588
"id8"	33	0.61896711	0.66995642
"id8"	34	0.5252781	0.69058013
"id8"	35	0.38043139	0.71785339
"id8"	36	0.34380794	0.72147919
"id8"	37	0.28984104	0.73882455
"id8"	38	0.28397224	0.77591696
"id8"	39	0.3016429	0.79999626
"id8"	40	0.35361969	0.79971952
"id8"	41	0.39820062	0.79544659
"id8"	42	0.54680468	0.7764796
"id8"	43	0.68237404	0.77488224
"id8"	44	0.62893561	0.82849205
"id8"	45	0.54968953	0.86021834
"id8"	46	0.5021199	0.87673573
"id8"	47	0.46261636	0.90520947
"id8"	48	0.46385397	0.9352548
"id8"	49	0.4853542	0.95347668
"id8"	50	0.52873526	0.94591403
"id8"	51	0.58132144	0.92683917
"id8"	52	0.66678662	0.89582201
"id8"	53	0.78875373	0.8485858
"id8"	54	0.8953459	0.83890962
"id8"	55	1.0212381	0.8125783
"id8"	56	1.12764925	0.76353902
"id9"	1	1.05144404	0.43256576
"id9"	2	0.96374458	0.36014184
"id9"	3	0.8777253	0.30717841
"id9"	4	0.72731657	0.25943478
"id9"	5	0.66565009	0.23915674
"id9"	6	0.61001006	0.22330428
"id9"	7	0.58016038	0.23413332
"id9"	8	0.57456204	0.26865067
"id9"	9	0.61256276	0.31616804
"id9"	10	0.68790516	0.35277186
"id9"	11	0.76625773	0.38934172
"id9"	12	0.7275967	0.41673904
"id9"	13	0.67678182	0.42929868
"id9"	14	0.50557689	0.39826966
"id9"	15	0.38997817	0.38009406
"id9"	16	0.32541984	0.37034101
"id9"	17	0.28050167	0.37384706
"id9"	18	0.26129493	0.39802554
"id9"	19	0.26761986	0.42792601
"id9"	20	0.31732936	0.44983304
"id9"	21	0.38041643	0.4626021
"id9"	22	0.48268826	0.49440863
"id9"	23	0.59104849	0.53514473
"id9"	24	0.47261975	0.53198697
"id9"	25	0.32286995	0.5426631
"id9"	26	0.265916	0.54180021
"id9"	27	0.2210205	0.54830542
"id9"	28	0.20493113	0.5829411
"id9"	29	0.21576005	0.61277962
"id9"	30	0.27133826	0.62413924
"id9"	31	0.32674759	0.62052601
"id9"	32	0.47378557	0.63534758
"id9"	33	0.58949679	0.66250899
"id9"	34	0.5182573	0.72472797
"id9"	35	0.39764061	0.79351386
"id9"	36	0.36184343	0.80889238
"id9"	37	0.31124823	0.84092899
"id9"	38	0.31612977	0.87532814
"id9"	39	0.3388086	0.89305766
"id9"	40	0.38960651	0.87899292
"id9"	41	0.42237083	0.8606492
"id9"	42	0.56564368	0.80659368
"id9"	43	0.66861535	0.76797863
"id9"	44	0.62418722	0.81493159
"id9"	45	0.5483534	0.86821531
"id9"	46	0.50814788	0.89114765
"id9"	47	0.47555256	0.92447538
"id9"	48	0.48186051	0.95287076
"id9"	49	0.49992792	0.96014878
"id9"	50	0.53725286	0.94775244
"id9"	51	0.58650615	0.92921159
"id9"	52	0.66837756	0.88035331
"id9"	53	0.76672108	0.82980397
"id9"	54	0.87148505	0.81663582
"id9"	55	0.98218526	0.79890718
"id9"	56	1.09714152	0.75715754
